0 0.65990700625 0.4966830015625 0.653489953125 0.509120084375 0.6531382625 0.5596751859375 0.65792351875 0.5715185468749999 0.6737782375 0.5736601703125 0.6895438890625 0.5740876734375 0.6994208078125 0.5528990671875 0.69448456875 0.49556657031249995 0.687477278125 0.498281828125 0.6819659375 0.4937559734375 0.65990700625 0.4966830015625
0 0.5991601203125 0.6361726453125 0.602265228125 0.607490978125 0.59901820625 0.608874071875 0.595199084375 0.6369164625 0.5991601203125 0.6361726453125
0 0.6877187625000001 0.435778825 0.684162265625 0.411551996875 0.6788954781250001 0.4150083859375 0.6824851859375001 0.4415122171875 0.6877187625000001 0.435778825
0 0.7819022078125 0.6122417687499999 0.783825340625 0.5771901234375 0.7781796546875 0.576629925 0.776602209375 0.613421153125 0.7819022078125 0.6122417687499999
0 0.5449086546874999 0.566557259375 0.5390727671875 0.5705256046875 0.5395513015625 0.5813732 0.5443274875 0.5750259953125 0.5449086546874999 0.566557259375
0 0.43208555468750004 0.640626346875 0.4289502359375 0.6408836703125 0.42611532187499995 0.6485603515625 0.4254450890625 0.6553149703125001 0.428423421875 0.66186319375 0.4320614140625 0.6565399046875 0.434037396875 0.647072715625 0.43208555468750004 0.640626346875
0 0.23160026406249998 0.5900379906250001 0.22968163437500003 0.5858686265624999 0.2264557515625 0.5974855015625 0.23160026406249998 0.5900379906250001
0 0.890483571875 0.6514371828125001 0.8745730015625 0.64985844375 0.8745050765625001 0.6583781078125 0.8853164171874999 0.6617245796875 0.890483571875 0.6514371828125001
0 0.918394640625 0.114201078125 0.9024629281250001 0.1023885578125 0.8989366406249999 0.1065860734375 0.9026289859375 0.11377357343750001 0.9136290234375 0.12566517187499998 0.918394640625 0.114201078125
0 0.9796202515625 0.27545678906250004 0.9650924234374999 0.2808363796875 0.9656932328125001 0.29567509531249997 0.9817502203125 0.28533139687500003 0.9796202515625 0.27545678906250004
0 0.580754446875 0.8895700296875001 0.5825205921875 0.8613239296874999 0.5769307593749999 0.860200846875 0.57696096875 0.8886251906249999 0.580754446875 0.8895700296875001
0 0.3509643234375 0.6877144484375 0.35156813124999997 0.676405821875 0.34282033749999996 0.6783799515625 0.3417032859375 0.68963765 0.3509643234375 0.6877144484375
0 0.36332120625000003 0.3490212546875 0.3584800984375 0.3377407796875 0.35557876093749996 0.340863453125 0.36107802968749997 0.3533460890625 0.36332120625000003 0.3490212546875
0 0.84009625 0.1615692765625 0.8277557484375 0.163186915625 0.8276199015625 0.18022624375000001 0.8381414078124999 0.1812702484375 0.84009625 0.1615692765625