0 0.9346059703125 0.8992872437500001 0.9427482656249999 0.9013853078125 0.9455986062499999 0.8919325984375 0.9351474765625 0.8799306375 0.92906885 0.878013046875 0.9269029984375001 0.885446621875 0.9352138671875 0.8854804328125001 0.9346059703125 0.8992872437500001
0 0.5559293640625 0.20435714843750002 0.547066790625 0.21744206250000003 0.557788671875 0.2197657203125 0.5628712546875 0.20842923125 0.5559293640625 0.20435714843750002
0 0.48457871875 0.524519665625 0.48934455468750004 0.5297874421875 0.49851868593750004 0.5319757453125 0.5030291609375 0.5212822218750001 0.487541440625 0.5136907875000001 0.48457871875 0.524519665625
0 0.47339174687499996 0.62333313125 0.47940398437500004 0.619700928125 0.48046140625 0.600389440625 0.4716908109375 0.5996224265625 0.46919801874999995 0.6174223875 0.47339174687499996 0.62333313125
0 0.0191707640625 0.242654809375 0.0238344234375 0.2555366359375 0.03281958125 0.247313434375 0.026955515625 0.2364056234375 0.0191707640625 0.242654809375
0 0.0021699140624999998 0.387211075 0.014215606250000002 0.36696121718749997 0.009225003125 0.3644457765625 0.003233375 0.3741884375 0.0021699140624999998 0.387211075
0 0.7283418953125 0.5936543984375 0.71884081875 0.601832484375 0.7314118109375001 0.6133268328125 0.7452189984375 0.6096833234375 0.7409588765625 0.598222784375 0.7283418953125 0.5936543984375
0 0.8182638375 0.9750445984375 0.794485821875 0.9099022640625 0.789316446875 0.9032132 0.8128799015625001 0.9773457499999999 0.8182638375 0.9750445984375
0 0.6330707671875 0.621358578125 0.6238762343750001 0.6066945171875 0.61626005625 0.6108794484375 0.63027661875 0.6301232031249999 0.6330707671875 0.621358578125
0 0.45365531406250004 0.1205691234375 0.45958577343749996 0.13702672656249998 0.46817759531250003 0.13362011875 0.46086795937499997 0.11496290312499999 0.45365531406250004 0.1205691234375
0 0.07063939999999999 0.4522834875 0.06016786875 0.42780576718749996 0.054502979687499994 0.43354734375000004 0.0635391390625 0.4565135390625 0.07063939999999999 0.4522834875