0 0.5434323531249999 0.77243948125 0.5503360749999999 0.7627538359375 0.55013744375 0.7533630921875 0.545762240625 0.7440907 0.536749875 0.736791515625 0.44765794375 0.7270164671875 0.43214423437500005 0.7300470906250001 0.4242683953125 0.7456291109375 0.4243651578125 0.75939314375 0.4312346609375 0.7690943359375 0.4466028390625 0.7723112703125 0.5286870125 0.7783203125 0.5434323531249999 0.77243948125
0 0.5654773 0.704042321875 0.5568818656250001 0.6967625421875 0.460767621875 0.6838462390625 0.44276688750000004 0.6861356890625 0.43339069375 0.6944554046875 0.43055439375000004 0.7087083734374999 0.438631028125 0.7203420390625 0.4468459125 0.7260405265625 0.556791596875 0.73647335 0.5674549640625 0.7266499515625 0.5697724609375 0.7167508734375 0.5654773 0.704042321875
0 0.561722771875 0.686042746875 0.5662777234374999 0.6696807453125 0.56193890625 0.6588464625 0.5545578765625 0.65318678125 0.45927021406249996 0.640621659375 0.4291858015625 0.64203604375 0.4219597453125 0.6476413734375 0.418713790625 0.6615625625 0.42011955156249997 0.67288578125 0.4270545453125 0.67977556875 0.44409771875 0.6827577390624999 0.46035796875 0.6835144578125 0.5523393000000001 0.6946748421875 0.561722771875 0.686042746875
0 0.5313146453125001 0.6117646484375 0.525688653125 0.6024340453125 0.5179125265625 0.5958178281250001 0.4435389890625 0.599236403125 0.42482082343750005 0.5964889999999999 0.41224017343749997 0.5990306875 0.40459718593750005 0.604616615625 0.40762189375 0.6360290390625 0.4221052765625 0.6413938156250001 0.460945209375 0.6403868953125 0.5231986828124999 0.63765514375 0.5305775453125 0.6254898765625 0.5313146453125001 0.6117646484375
0 0.5451075359375 0.593018109375 0.5519821546875 0.5845819765625 0.553596771875 0.5690212875 0.5451104859375 0.5570558390625 0.538929309375 0.5536410140625 0.4336738859375 0.556873278125 0.4172826578125 0.5617393640625 0.41122007031249996 0.5711514375 0.41138232031250005 0.5821040703125 0.41536969843750005 0.5901075484375 0.42608616406250005 0.595922453125 0.4435389890625 0.599236403125 0.5451075359375 0.593018109375
0 0.5590874578125 0.5483248 0.5668177625 0.5389903375 0.5687183296875 0.5290718546875001 0.56560119375 0.5195452921875 0.5543222671875 0.51995854375 0.452678790625 0.51147566875 0.44333897968749997 0.518233496875 0.43609109375 0.524775959375 0.43502438281250005 0.5347332484375 0.4373076625 0.5442210046875 0.44507651406250004 0.5511496015625 0.46124944687499997 0.555654853125 0.46749611093750004 0.556258278125 0.5590874578125 0.5483248
0 0.573382434375 0.5080241828125 0.5769725515624999 0.49724617968749996 0.5714047718749999 0.48541655156249996 0.5648867078124999 0.47854616562499996 0.45157648281249996 0.46920762656250004 0.4402466203125 0.471807525 0.43221581093749994 0.47612453749999994 0.42864024843750004 0.4862777875 0.429614525 0.498206359375 0.43321408281249996 0.5049409234375 0.4389928828125 0.5077115890624999 0.45185220625 0.511124484375 0.5660399515625001 0.5186275625000001 0.573382434375 0.5080241828125
0 0.5522216875 0.44887411874999994 0.548277965625 0.4389963703125 0.5400485265625 0.4339226421875 0.4242731046875 0.42290579531250005 0.40872301093749996 0.42749830937500005 0.4031137375 0.43536789843749996 0.4104802125 0.4416523328125 0.41127985312500004 0.461077975 0.423693140625 0.4657209796875 0.450757175 0.46854406718749997 0.5394831156250001 0.47611306875 0.549765934375 0.4647083796875 0.5522216875 0.44887411874999994
0 0.4145848046875 0.3908705453125 0.4015799484375 0.39370520937500003 0.38493915 0.3913671984375 0.378934775 0.39828025 0.38156949687499997 0.41059881093749995 0.4003240453125 0.41178432656249997 0.40819477031250007 0.414339628125 0.4198251359375 0.4167571828125 0.4281491734375 0.41776999843749996 0.43759302031249997 0.424463825 0.464649775 0.427599290625 0.5484162203125 0.433061190625 0.5625991015625 0.43340851406249997 0.56811378125 0.429599840625 0.5686398578125 0.42493357343750005 0.576692496875 0.419679428125 0.576413821875 0.41372484375 0.5710956125 0.4090993125 0.5754249921875 0.402421028125 0.5668222796875 0.39545362812499996 0.5464727796875 0.391066721875 0.5076692296875 0.39051175 0.466451421875 0.3860918296875 0.44937914218749997 0.38435916875 0.42793382500000005 0.3911790640625 0.4145848046875 0.3908705453125
0 0.4101201171875 0.367521740625 0.5040144078125001 0.35031393906249997 0.5129300140625 0.34384908593749997 0.5192203375 0.3425782421875 0.520294325 0.332308575 0.5164160921875001 0.3196194265625 0.509086 0.3117731 0.5037022999999999 0.30995897031249997 0.491223521875 0.30812736875 0.3873156453125 0.325181875 0.3829353296875 0.3340468046875 0.386748071875 0.34954735625 0.3915402046875 0.35883915625 0.400581675 0.364888825 0.4101201171875 0.367521740625
0 0.36300689375 0.5445158015625 0.379640415625 0.5471661906249999 0.396353978125 0.546380421875 0.4064548796875 0.5427851796875001 0.4117199921875 0.5317724125 0.410985840625 0.509535365625 0.40884160156249993 0.44032520937499997 0.4006558203125 0.433377209375 0.379845728125 0.43084517031249997 0.36523864375000004 0.4307908203125 0.35556922343749997 0.43378070781250005 0.355021315625 0.4393841078125 0.35417939375 0.4934448984375 0.350143240625 0.5054530125000001 0.3527779625 0.517771575 0.3501745125 0.522028446875 0.3551194515625 0.5247603062499999 0.3564524484375 0.53920730625 0.36300689375 0.5445158015625
0 0.3541654359375 0.6194690390625001 0.3523594625 0.6253266109375 0.35478099687500003 0.6288791875 0.35683870156249997 0.6480506593750001 0.373925534375 0.6491585609375 0.403190640625 0.6470806171875 0.40204900156249995 0.6423367359375 0.40721951718750005 0.63538488125 0.40337550312500003 0.603308896875 0.405217859375 0.5958894375 0.40286476406249994 0.5535631859375 0.3946280453125 0.5488018343750001 0.37588805000000003 0.5469915656250001 0.3562487046875 0.5479538890625 0.355775725 0.5682584562499999 0.3531868296875 0.5718905734375 0.353918815625 0.576302671875 0.3541654359375 0.6194690390625001
0 0.3933159046875 0.766391525 0.4114985546875 0.7562926265625001 0.4020722109375 0.7130117703125001 0.40317825156250003 0.66553031875 0.3979764640625 0.6559067421875 0.3767785515625 0.652105784375 0.356758659375 0.6514868171875 0.353580359375 0.6804215484375 0.353034615625 0.703849896875 0.350717115625 0.7137489765625 0.35168411875 0.725989928125 0.35611025625 0.7330756765625 0.3541827453125 0.7620686171875 0.35991788593749996 0.7667135515625 0.3740716609375 0.7683103874999999 0.3933159046875 0.766391525
0 0.3899899109375 0.7837488703125 0.4062647140625 0.7838808328125 0.4178347015625 0.7709724609374999 0.4180093421875 0.763475390625 0.4169259140625 0.7562324890625 0.41065014218749996 0.7568785765625 0.3916263578125 0.7672510484374999 0.38201515 0.7677419109375 0.3811012484375 0.7711392640625 0.3860680203125 0.7729339890625 0.3846717 0.779123340625 0.3899899109375 0.7837488703125
0 0.453536453125 0.70758889375 0.4544867375 0.7026296515625 0.44592040937500005 0.6941003609374999 0.44096819062500003 0.691680878125 0.43492015625 0.700468196875 0.44726067968749994 0.7082349812500001 0.453536453125 0.70758889375
0 0.4259034640625 0.6575191203124999 0.422306071875 0.6686095046875 0.42690685000000006 0.66819818125 0.431352653125 0.6565218500000001 0.4259034640625 0.6575191203124999
0 0.41916572499999993 0.588407909375 0.427109215625 0.58783943125 0.427795378125 0.57630085 0.42323098437500006 0.5751502828125 0.4198009515625 0.5790559734375 0.41916572499999993 0.588407909375
0 0.4509841296875 0.530472515625 0.44424049062500004 0.5332858484375 0.447825496875 0.5406451671875 0.45497150937499997 0.538475996875 0.4509841296875 0.530472515625
0 0.437446703125 0.48449860468750006 0.43556068750000004 0.49379233281249996 0.4409443875 0.4956064609375 0.4423989203125 0.48691808593749997 0.437446703125 0.48449860468750006
0 0.6616709937499999 0.588123084375 0.6671638421874999 0.58525154375 0.6777471640625 0.578864303125 0.6749741890625 0.5724809234375 0.6755293734375 0.5665651453125 0.6685143375 0.5631115125 0.663467525 0.5647529453125 0.6635570078125 0.5788293546875 0.6616709937499999 0.588123084375
0 0.66905635 0.62943265625 0.67644976875 0.6166426359375 0.6706833578125 0.5954222640625 0.6545104265624999 0.5909170125000001 0.65395740625 0.6146577359375 0.664872503125 0.6298633812500001 0.66905635 0.62943265625
0 0.6726777359375 0.6352300875 0.6491092234375 0.625689909375 0.638620496875 0.6280162359375 0.63373593125 0.6406102984375 0.6431288421875 0.6494907734375001 0.6491332171875001 0.6425777234375001 0.65740631875 0.645777184375 0.6726777359375 0.6352300875
0 0.6101204078125 0.36432067031250004 0.6015416890624999 0.37424108437500003 0.6052140125000001 0.37785186875 0.6378560515625 0.35622993125 0.6101204078125 0.36432067031250004
0 0.1047334265625 0.379577875 0.0808811265625 0.38222043906250003 0.0845680015625 0.3852064671875 0.10339531875 0.3832682015625 0.1047334265625 0.379577875
0 0.3932362453125 0.41145447500000004 0.3951950265625 0.3990369671875 0.39409704687499997 0.39241882031249997 0.3866214203125 0.3908200546875 0.3806534296875 0.396171215625 0.379623103125 0.40456661406250005 0.3815549421875 0.4112235671875 0.3932362453125 0.41145447500000004