0 0 0.8018513953124999 0.0036276609375 0.8008698734375 0.00982805625 0.80466745625 0.02000346875 0.7869423234374999 0.01731560625 0.7849077421875 0.000258159375 0.7810920734375 0 0.78107020625 0 0.8018513953124999
0 0.18754429374999998 0.429573453125 0.2033066265625 0.39967700625 0.147143521875 0.3615744421875 0.1296476921875 0.3449888609375 0.1207326828125 0.35612252031249997 0.1018894953125 0.41858932343750005 0.13701483125 0.436219325 0.1496775953125 0.4438405140625 0.178526340625 0.467917153125 0.18754429374999998 0.429573453125
0 0.0984544140625 0.48541495625 0.11066810625000001 0.47319497187500004 0.09958519375 0.453711396875 0.0824796296875 0.45271902812500003 0.0828886125 0.46336495624999996 0.072147846875 0.4622978921875 0.0844724421875 0.48013727656249994 0.093400790625 0.4951646828125 0.0984544140625 0.48541495625
0 0.192366746875 0.3621786296875 0.21982679218749998 0.3772795578125 0.24807142187500003 0.3829136609375 0.283379878125 0.39172410625 0.255557640625 0.3536090453125 0.25371316718750003 0.3463556046875 0.250780725 0.3298028140625 0.257475659375 0.331528465625 0.2576119859375 0.335077109375 0.275802865625 0.326279021875 0.263702803125 0.318360225 0.203836015625 0.2993327609375 0.19752464218750002 0.3347637625 0.192366746875 0.3621786296875
0 0.394832109375 0.322903309375 0.3835527390625 0.286078225 0.358375553125 0.291000653125 0.32442771875 0.29858684375 0.296670921875 0.31244425468750003 0.27491003125 0.32477628125 0.2569035984375 0.33429971406250003 0.2557581515625 0.3302973078125 0.25051875468749996 0.3297767875 0.254460315625 0.346783340625 0.25578085 0.35398473125 0.2752467984375 0.3743011375 0.2972281734375 0.41254294375 0.30476516875000004 0.39950483281250004 0.3166513796875 0.40457430624999996 0.346677696875 0.384579184375 0.342077196875 0.37351683750000003 0.3587470296875 0.380829096875 0.4022527484375 0.380202128125 0.411624859375 0.3768911015625 0.42559482031250007 0.365552615625 0.41049415 0.33930670625000003 0.394832109375 0.322903309375
0 0.4957212453125 0.3445921875 0.494980803125 0.32260100625 0.47103734218750004 0.2686098328125 0.46896833281249994 0.251435803125 0.42887625625 0.2403825703125 0.41321686562500004 0.2430689734375 0.4088061203125 0.270911578125 0.40626792343749996 0.29858670468750004 0.4054378734375 0.32996663125 0.41066923906249997 0.3425056921875 0.422576821875 0.3617176875 0.43000151249999996 0.37836325937500004 0.4381506578125 0.37174914375 0.45737335156250003 0.3870922421875 0.468702240625 0.361350975 0.4877284765625 0.3593525671875 0.49607275156249997 0.3605350578125 0.497351871875 0.3489963046875 0.4957212453125 0.3445921875
0 0.46489729375 0.070741259375 0.47448995937499994 0.0487161125 0.46490001875000003 0.0205431109375 0.433157521875 0.0488519734375 0.3943217953125 0.0718605125 0.35467208125 0.10221189687500001 0.346397296875 0.11234863125000001 0.335986665625 0.113081915625 0.3245776 0.1204326953125 0.30677566093749997 0.13527909375 0.327205259375 0.177962365625 0.33779230625 0.1899729671875 0.339666184375 0.19935039375000002 0.3474196828125 0.2082514109375 0.3808021625 0.1818730234375 0.40269938281249995 0.1730896421875 0.4319691921875 0.155140425 0.4469095078125 0.1446053625 0.46945763593749995 0.141896315625 0.48620233749999997 0.129419453125 0.483034675 0.095874815625 0.47638388125000003 0.0626911578125 0.46489729375 0.070741259375
0 0.7200324109375 0.9038585453125 0.7477116859375 0.8907004546874999 0.73697895 0.8776148484374999 0.7169115421875001 0.8579457093749999 0.7102954578125 0.8650656390625 0.7042113453125001 0.8602190796875 0.688629478125 0.8622061656250001 0.679976440625 0.8733658515625 0.6719622984375 0.8739837078124999 0.6898283515625 0.9015648796875 0.7080512875 0.9139805765625001 0.7200324109375 0.9038585453125
0 0.553913128125 0.52924944375 0.5660332343750001 0.5417658609375 0.575679328125 0.5550970234375 0.5902494203125 0.533566371875 0.5786345374999999 0.526049284375 0.566748328125 0.5209798140624999 0.5548340390625001 0.5233312625 0.553913128125 0.52924944375
0 0.653864109375 0.4327727796875 0.6536609437500001 0.43699471718750005 0.645773771875 0.4436348578125 0.654069925 0.44764064687499994 0.6630236953125 0.4361573296875 0.653864109375 0.4327727796875
0 0.725590359375 0.4738355375 0.7215244843749999 0.4698965046875 0.710814446875 0.48049832343750004 0.717859559375 0.48862194375 0.725590359375 0.4738355375
0 0.7837316109375 0.5036503875 0.7926385875 0.50453526875 0.784077809375 0.4814136484375 0.77851093125 0.49818258593750003 0.7837316109375 0.5036503875
0 0.9017397265625 0.483204746875 0.9304267906250001 0.460955515625 0.9084975156249999 0.44852511406250006 0.8819369375000001 0.48265143593750004 0.9017397265625 0.483204746875
0 0.5249705125 0.8070610140625 0.5122048046875001 0.8266498671875 0.5136122203125 0.8306782984375 0.527842821875 0.809820940625 0.5249705125 0.8070610140625
0 0.5336729984375 0.8026229296875 0.5272787953125 0.80057364375 0.5241939609374999 0.8045092953124999 0.5237395109375 0.8157764656250001 0.5298623859375 0.8202733656250001 0.5341701875 0.8196408046875 0.535430590625 0.81304933125 0.5336729984375 0.8026229296875
0 0.2172712046875 0.41944686718749996 0.208364228125 0.418561984375 0.20371560781250003 0.4103229375 0.19272355624999998 0.41630110781249996 0.1899207390625 0.42486040625 0.1969070453125 0.428736065625 0.2037195890625 0.438957640625 0.225840015625 0.43054994375 0.2172712046875 0.41944686718749996
0 0.07906613125 0.325823328125 0.0849871671875 0.344087065625 0.099192346875 0.3497404296875 0.11434783906249998 0.3515995953125 0.1210508046875 0.3413067046875 0.1174487359375 0.32362686093750004 0.127757821875 0.29036056875 0.1210909640625 0.2812139953125 0.0971848671875 0.28661621249999997 0.089647871875 0.2996543234375 0.07852082187500001 0.311628753125 0.080171490625 0.3206304921875 0.07906613125 0.325823328125
0 0.248631540625 0.2942382984375 0.249017825 0.2811968046875 0.2199752734375 0.2588684609375 0.20304877812500002 0.28970978125 0.20660943125000003 0.28864948125 0.2276351875 0.2925058796875 0.248631540625 0.2942382984375
0 0.7434221328125 0.045385409375000005 0.7411700015625 0.0370309375 0.7437295703125 0.02349833125 0.7464017875 0.0188146703125 0.7086841859375 0.015067534375 0.707694009375 0.018857771875000002 0.7126246421875 0.031720467187500004 0.7273925234374999 0.0370762234375 0.730246115625 0.0447834296875 0.7393963453125 0.05064161874999999 0.7434221328125 0.045385409375000005
0 0.9531848609375 0.3631731359375 0.97135835 0.3688672296875 0.973082559375 0.348534946875 0.9687520609375 0.3254800828125 0.9394702359375 0.32681313749999996 0.9157980359375 0.3396623015625 0.9089012640625 0.3517034859375 0.915442478125 0.36437267812499996 0.9423973015625 0.3744742703125 0.9531848609375 0.3631731359375
0 0.6716031203124999 0.5236196203125 0.6346599859375 0.5510583015625 0.639998278125 0.565022028125 0.6754377546875 0.539201509375 0.6754658328125 0.5317805890625 0.6716031203124999 0.5236196203125
0 0.6685395859375001 0.6109857453124999 0.6647276484375 0.6190912796875 0.6686478375 0.621955309375 0.671171296875 0.6278621671875 0.6746357109375001 0.6324484671875 0.698442915625 0.6136030453125 0.7053690890625 0.6036858406250001 0.685654509375 0.609504471875 0.6685395859375001 0.6109857453124999
0 0.724562525 0.47832905625000005 0.7182378125 0.48759899375 0.7010560531250001 0.49685084531249996 0.6998156921875001 0.5080399375 0.70853955 0.517744378125 0.7187563734375 0.518759390625 0.72434064375 0.487498271875 0.7286965640624999 0.4840424109375 0.724562525 0.47832905625000005
0 0.34218928593750003 0.5516970109375 0.33981151249999997 0.5468651578125 0.3280816734375 0.54994195 0.32152439374999997 0.5613098421875 0.32244663125 0.5649365656249999 0.33024825 0.5710142828125 0.34218928593750003 0.5516970109375
0 0.4528475765625 0.494816678125 0.45931532031250005 0.467531940625 0.4247045671875 0.45242763124999996 0.415637165625 0.48404973125 0.4528475765625 0.494816678125
0 0.388782634375 0.4276482890625 0.39272419531249997 0.44465484218749995 0.39982678437499997 0.4474815234375 0.40591089687500004 0.45232808281250003 0.42250188125 0.4507947609375 0.4281369234375 0.435800146875 0.431668175 0.43261586718749995 0.4297729265625 0.40909591718750005 0.41297612499999997 0.395761375 0.41113968125 0.37648938906249996 0.4024371953125 0.380927471875 0.4045062078125 0.3981015015625 0.3983071375 0.40384882187500004 0.388782634375 0.4276482890625
0 0.3579905234375 0.3828750015625 0.339539 0.4011919640625 0.349476465625 0.41667313281249996 0.357966428125 0.4189306265625 0.3741591140625 0.41382263437500005 0.378600590625 0.3976489125 0.3785016953125 0.38420570781249996 0.3579905234375 0.3828750015625
0 0.44079570625000003 0.41478662968749996 0.4427444515625 0.40437493281250003 0.44513025781250004 0.397188246875 0.44368275312499994 0.3839645703125 0.4468838703125 0.37897994218750003 0.43863583281249996 0.372150853125 0.43022472343749996 0.37873894531249996 0.42469262499999993 0.366523515625 0.4118868296875 0.3769171265625 0.4138301984375 0.3976137734375 0.43784587343750003 0.412726021875 0.44079570625000003 0.41478662968749996
0 0.40141871875 0.38294735 0.378695503125 0.3824574125 0.3854692859375 0.39302864843749996 0.397491825 0.4016467640625 0.4050301453125 0.3981535546875 0.40141871875 0.38294735
0 0.5956440781250001 0.3248243984375 0.62537099375 0.3146978125 0.62433114375 0.30257516562500003 0.608796071875 0.29219405 0.5959007421875 0.2866708140625 0.5882554953125 0.2887393625 0.5862492718750001 0.30444799843750003 0.5956440781250001 0.3248243984375
0 0.6325099046875 0.0902211734375 0.6546316578125 0.091358378125 0.6629438796875 0.071327084375 0.647922059375 0.053926759375 0.62748708125 0.04235183125 0.61375234375 0.0706821640625 0.6325099046875 0.0902211734375
0 0.34171221093750004 0.46998880625000006 0.345989284375 0.45768736250000003 0.3628034765625 0.4565297234375 0.3614816140625 0.43978342968749995 0.33973008125000004 0.44964181718749996 0.334290171875 0.4724330390625 0.34171221093750004 0.46998880625000006
0 0.34307017968750003 0.4672956359375 0.3456724875 0.48204807812499995 0.346695309375 0.480735653125 0.34707940625 0.4824971734375 0.35692783437500003 0.4856408359375 0.3616807265625 0.47621474218750004 0.3559006890625 0.4689238203125 0.3610147890625 0.46236169374999997 0.36068279375 0.4614954359375 0.362037609375 0.4610492671875 0.3625027453125 0.45685335625 0.34613496875 0.4587623640625 0.34368313906250003 0.4655889828125 0.344424996875 0.466849465625 0.34307017968750003 0.4672956359375
0 0.6285265 0.47020219062499996 0.642322696875 0.46520962343749994 0.6556911921874999 0.4545184046875 0.6479096171875 0.45303830781250004 0.640197534375 0.4628774328125 0.622606790625 0.46148335312500005 0.6285265 0.47020219062499996
0 0.8771047218750001 0.47982305312499995 0.877354590625 0.479014603125 0.8783335828125001 0.4789771921875 0.8786112156250001 0.478078915625 0.8795624421875001 0.4781313328125 0.8798678375 0.4771432265625 0.8807913015625 0.47728547343749994 0.8811244609375001 0.4762075390625 0.8820201624999999 0.47643961093750004 0.8823810859375 0.4752718515625 0.883249021875 0.47559375312499996 0.8836377078125001 0.47433616250000005 0.8844778828125 0.47474789062499995 0.8848943296874999 0.47340047343749997 0.8857067421875 0.47390203125 0.8861509546875 0.47246478593749996 0.886935603125 0.47305617031249997 0.8874075765624999 0.47152909843749996 0.8881644625 0.472210309375 0.9190331140625 0.45104475468749994 0.925913171875 0.44672021093750003 0.9209838625 0.44340241718750006 0.9122720187500001 0.450314140625 0.9139705234375001 0.45444724374999995 0.8979953421875001 0.46544342656250004 0.8964388703124999 0.4593464625 0.8954353906250001 0.46070008749999997 0.8951959953124999 0.46020495781250004 0.894431915625 0.4620537140625 0.893953121875 0.46106345312499997 0.8628813015624999 0.4825258625 0.8660449828125 0.48743579531250003 0.8697315640625 0.4848982140625 0.8698148515625 0.48462873125000006 0.8709604234375 0.48405235625 0.8710714765625 0.48369304375000005 0.8721892828125 0.48320649375 0.8723281 0.4827573546875 0.87341814375 0.482360634375 0.8735847218749999 0.48182166718749997 0.8746470015625001 0.48151477187499997 0.874841346875 0.480885978125 0.8758758625 0.4806689140625 0.8760979671875001 0.47995029218749996 0.8771047218750001 0.47982305312499995
0 0.2391659875 0.1837098234375 0.2538750609375 0.1848176171875 0.257772553125 0.1639942234375 0.240733825 0.155231275 0.23193510156250002 0.16531595625 0.233430725 0.17571633281250001 0.2391659875 0.1837098234375
0 0.7369664 0.089286309375 0.7453587953125 0.0876455 0.734799825 0.06821397812499999 0.7288921265625 0.076111303125 0.7369664 0.089286309375