0 0.779436984375 0.73541100625 0.7607598624999999 0.7195931812499999 0.748278384375 0.7081886046875 0.737620240625 0.69956418125 0.7240502953125 0.6940504171875 0.7004422875 0.6976365109375 0.67824969375 0.7046773234375 0.6648468140625 0.7162733703125 0.6601639593749999 0.742767003125 0.6710250390625 0.757192103125 0.6976985874999999 0.7795588125 0.7101349703125 0.7896743515625 0.7278947859375 0.8039409718750001 0.7397315890625 0.809252659375 0.753109871875 0.8092880093750001 0.7742027265625 0.8078157484374999 0.785009484375 0.8083536359375 0.7948087453125 0.8047622375 0.79752888125 0.7961731624999999 0.8020836250000001 0.7906865 0.8056308718749999 0.781070553125 0.8039561515625 0.7702038609375 0.80083219375 0.7549156734375 0.779436984375 0.73541100625
0 0.5189936546875 0 0.5055690125 0.011842542187500001 0.515242209375 0.0169822015625 0.5311489671875 0.0029500625 0.525596746875 0 0.5189936546875 0
0 0.8032365984375 0.33026459375 0.8001802859374999 0.3169099625 0.7959658140625 0.3197885015625 0.799815415625 0.33114948125 0.8032365984375 0.33026459375
0 0.8032365984375 0.33026459375 0.7845666546875 0.3393208546875 0.78728474375 0.34300769375 0.805909590625 0.33266239375 0.8032365984375 0.33026459375
0 0.7890148031249999 0.293783853125 0.791958375 0.3039158859375 0.7962404890625 0.3029709046875 0.7932969187500001 0.292838871875 0.7890148031249999 0.293783853125
0 0.8010002187499999 0.291009003125 0.79585716875 0.292014075 0.798007453125 0.30413975781249997 0.8048949171875 0.30365902031249997 0.8010002187499999 0.291009003125
0 0.9529425984375001 0.4897377859375 0.95849151875 0.5003340625 0.9653338843749999 0.498564284375 0.9589014828125 0.48738358281250005 0.9529425984375001 0.4897377859375
0 0.9591003234375 0.5177360859375 0.956968490625 0.53080675 0.9621566343750001 0.5310907171875 0.9634049875 0.5174356234374999 0.9591003234375 0.5177360859375
0 0.9690174546874999 0.5545172875 0.9650735625 0.5651300578125 0.9719610281250001 0.5646493203125 0.9776267828125 0.553916365625 0.9690174546874999 0.5545172875
0 0.9578745203125001 0.532035696875 0.9590285828124999 0.5403543562500001 0.9624723124999999 0.5401139875000001 0.9629950203125001 0.530386103125 0.9578745203125001 0.532035696875
0 0.5705634093749999 0.8582107890625 0.572600953125 0.8671138765625 0.577721453125 0.8654642859375 0.5765673921875 0.8571456265625 0.5705634093749999 0.8582107890625
0 0.5573521921875 0.8752852499999999 0.5494459593750001 0.8713144453125 0.5460698703125 0.873488371875 0.554021203125 0.8787482171875001 0.5573521921875 0.8752852499999999
0 0.5263114453125 0.75275586875 0.504923415625 0.758125290625 0.5058970890625 0.761287796875 0.5281460546875001 0.7558582796875 0.5263114453125 0.75275586875
0 0.22860083125 0.5564484421875 0.22522474531249997 0.5586223703125001 0.23161204687499998 0.5685140328125 0.2350332296875 0.567629146875 0.23292804218750002 0.5567925015624999 0.22860083125 0.5564484421875
0 0.1732058953125 0.157152775 0.1581375234375 0.170480303125 0.1669272375 0.1750355375 0.1803188421875 0.16311723125 0.1732058953125 0.157152775
0 0.989337371875 0.40760685625 0.9803469015624999 0.4096477125 0.9830649906250001 0.4133345515625 0.989433403125 0.41035181875 0.989337371875 0.40760685625
0 0.7272182828125 0.37756665625 0.7276917968750001 0.3911015625 0.7319964609375 0.3908011 0.728079215625 0.3775065625 0.7272182828125 0.37756665625