0 0.18053420625 0.3748001015625 0.16546045781250002 0.387790471875 0.160423 0.41609746718749996 0.186980978125 0.4869034796875 0.217070175 0.5522062859375 0.2242710765625 0.544470490625 0.2334294703125 0.5299456124999999 0.240583275 0.5119920078125 0.18053420625 0.3748001015625
0 0.497340315625 0.4444453984375 0.4924054765625 0.46982014687499996 0.49401998125 0.4988497265625 0.500433684375 0.526616753125 0.50997234375 0.5489256375 0.5211627484375 0.567400221875 0.5267702515625 0.5777314765625 0.53369000625 0.57513838125 0.553558740625 0.572569390625 0.570143659375 0.5583160765625 0.5813242046875 0.5337089734375 0.5872142421875 0.499830784375 0.5861824171875 0.4743876546875 0.574996225 0.4442291359375 0.5650245984375 0.42561936093749997 0.541735690625 0.4073914390625 0.5240008703125 0.406802865625 0.5106948375 0.41119966406249997 0.497340315625 0.4444453984375
0 0.3780518734375 0.14258864843750002 0.39444419375 0.09914803125 0.38991700156250003 0.08541097343750001 0.3892338078125 0.07891480625 0.3564849734375 0.06648260781250001 0.3561940140625 0.13405991718750002 0.3780518734375 0.14258864843750002
0 0.4813446203125 0.9723407453125 0.47326161093749997 0.9619189718750001 0.47152060156250003 0.9668584953125 0.479337928125 0.9747539812499999 0.47731787968750006 0.9789942406250001 0.47936042343749996 0.98278386875 0.48991401406249996 0.97175531875 0.4865254765625 0.968845209375 0.4813446203125 0.9723407453125
0 0.5342116984375 0.959174453125 0.529789946875 0.96988795625 0.530419725 0.9836922140625 0.5387346796875 0.98459544375 0.5453887484375 0.9794760609375001 0.5342116984375 0.959174453125
0 0.6642750109375 0.953145053125 0.6650453625 0.9643779625000001 0.6691705078125 0.9664761499999999 0.6714028265625 0.9720702703124999 0.6710703703124999 0.9786790953125 0.6732481453125 0.9806281828125 0.6755863921875 0.98036881875 0.6786887796875 0.9749131796875 0.67874219375 0.9676050890625 0.675762021875 0.9588079484375 0.6677282124999999 0.9527620156250001 0.6642750109375 0.953145053125
0 0.8132047640625 0.9428322984375 0.8112156359375 0.9317345796875 0.8076260734374999 0.9230050343749999 0.8029941578124999 0.9180421921875 0.8051681328125 0.9094035578125 0.802502846875 0.907508546875 0.8001904062499999 0.9128765640625 0.7989294625000001 0.9243347875 0.8011596734375 0.9357708734375001 0.8055483999999999 0.9462373156250001 0.8139976093750001 0.9620950953125 0.816738803125 0.964711903125 0.8184874843750001 0.9645179359375 0.820283375 0.9573816734375 0.8132047640625 0.9428322984375
0 0.9554823734375001 0.5097317765625 0.9613668093750001 0.5266042625 0.9660992374999999 0.5344768203125 0.9703248953125 0.5394847281249999 0.9746131109375 0.5470414546875 0.9743628828125 0.5368461765625 0.98065075625 0.5262907875 0.9810099171875001 0.5160279171875 0.978232875 0.5072082453125 0.964928946875 0.505763078125 0.9644313171875 0.5127553328125 0.9660275390624999 0.5220710921875 0.9628041749999999 0.5187775515624999 0.9598753109375 0.5085142874999999 0.9554823734375001 0.5097317765625
0 0.8283978 0.4581087640625 0.8388333140625001 0.457681453125 0.8280182484375 0.45449978281250003 0.8283978 0.4581087640625
0 0.9247845046875 0.47772134218750006 0.92219513125 0.47654812656249995 0.9204541234375 0.48148765156250006 0.9156549249999999 0.48275020468749996 0.9174050749999999 0.487667590625 0.9226864406249999 0.4870817703125 0.9247845046875 0.47772134218750006
0 0.936504084375 0.296057878125 0.9394751156250001 0.2949981078125 0.936278459375 0.288050521875 0.9357224859375 0.2808100265625 0.9385662984375 0.280494584375 0.944977178125 0.2808788015625 0.94699933125 0.270796575 0.9444479125 0.2699842578125 0.9422493359375 0.27643497031250003 0.9374255375 0.275509603125 0.934800315625 0.2681335234375 0.9322713921875 0.27535109375 0.9324077531249999 0.284463678125 0.936504084375 0.296057878125
0 0.944410675 0.3028481375 0.9497053937500001 0.30043529375 0.9548996031250001 0.2951127328125 0.9465712937499999 0.2960365265625 0.94175874375 0.299126103125 0.9392410671875 0.31035861875 0.944410675 0.3028481375
0 0.20710186406250003 0.0666226171875 0.20088286718749998 0.062200925 0.1916907328125 0.06468096875 0.1896819328125 0.0729361703125 0.1948986375 0.0756434984375 0.1992803265625 0.0704110625 0.20470016093750001 0.0730958609375 0.20691701875000001 0.08635896875 0.2100152703125 0.084554871875 0.20710186406250003 0.0666226171875
0 0.201023440625 0.05962957343750001 0.2107581953125 0.06621704843750001 0.21861768750000002 0.0627895 0.22214469375 0.0689702265625 0.22477412812500003 0.0646623734375 0.2215774734375 0.0577147859375 0.214697778125 0.05482681406249999 0.212275684375 0.047428203125 0.2092287421875 0.047766175 0.21018886874999998 0.060803575 0.20204119375000001 0.05367495 0.201023440625 0.05962957343750001
0 0.56480193125 0.7615437015625 0.5628711484375 0.7646787359375 0.565203978125 0.773182571875 0.5635388796874999 0.7788438921874999 0.55923520625 0.77895615625 0.5543221453125 0.779136015625 0.552429315625 0.782631946875 0.5523245921875 0.7914061609374999 0.5501906796875 0.7945637265625 0.5499341359375001 0.8018943484375001 0.5538582578125 0.798173103125 0.560025946875 0.80406091875 0.5659300546875 0.8015804828125 0.5714546109375 0.7954910625 0.5772940578125 0.796303771875 0.5806734546875 0.7893569734375 0.5734767640625 0.7854088375 0.568364784375 0.7739272921875 0.56480193125 0.7615437015625
0 0.68073195 0.8008949937500001 0.6862698593750001 0.7929785500000001 0.6929731328125001 0.7922350078125 0.689493225 0.796272090625 0.6921451546874999 0.799994125 0.6961072328125 0.796633778125 0.7018953703124999 0.7989126109375 0.7061610890625001 0.7984394484374999 0.7051855015624999 0.7930710375000001 0.698560246875 0.7886944078125 0.6950086390625 0.7803257609375 0.6903120609375 0.778656065625 0.6852963796875 0.7817681734375 0.679682559375 0.78896281875 0.68073195 0.8008949937500001
0 0.67787760625 0.8304202671875001 0.6669887359375 0.820674834375 0.6614529328125001 0.822749309375 0.6589373625 0.828139859375 0.660535690625 0.8316136515625001 0.6648414703125 0.8256594203125 0.67496913125 0.83402885625 0.6806258359374999 0.8487359515625 0.683799996875 0.8476536515624999 0.67787760625 0.8304202671875001
0 0.6436582890625 0.6359621343749999 0.6504845687499999 0.6461581984375 0.655803890625 0.6459332765625 0.663393484375 0.651663371875 0.670958478125 0.655205546875 0.6694669796875 0.637115571875 0.6549597359375 0.6281366046875 0.6436582890625 0.6359621343749999
0 0.7003138453125 0.6431867890625 0.6966975765625001 0.6381112890625 0.6868559921874999 0.6461399953125 0.6898382703125 0.6490951703125 0.69482935 0.643795140625 0.698104021875 0.6456225578125 0.69683183125 0.6530658390624999 0.689251378125 0.657192653125 0.68855061875 0.664207440625 0.6979725921875 0.65805081875 0.7011242578125 0.6489386296874999 0.7003138453125 0.6431867890625
0 0.605638528125 0.3838733328125 0.60297535 0.376136353125 0.5978057437500001 0.383646834375 0.587930415625 0.3796307109375 0.5876738703125 0.386961334375 0.598107278125 0.3923759875 0.605638528125 0.3838733328125
0 0.485226353125 0.452361053125 0.48944286875 0.44751204843750003 0.48439555156249997 0.4327373578125 0.48835341718749997 0.44106094218749997 0.49057659375 0.4367981546875 0.4851609734375 0.4224294234375 0.4852523421875 0.4154822328125 0.4805691171875 0.4119855140625 0.480223309375 0.42042136250000006 0.48141327343749996 0.42978218437500004 0.48172816249999995 0.43668431406249997 0.4842128109375 0.4466317453125 0.47936441093750004 0.4435184546875 0.476080596875 0.43183412812500005 0.47347997499999994 0.4266459703125 0.4706720125 0.433164278125 0.47692896406249996 0.43794686718750003 0.47424821875 0.44372084687499996 0.477433628125 0.4466534875 0.485226353125 0.452361053125
0 0.1841013609375 0.586532353125 0.1828158171875 0.59580265625 0.179425171875 0.5987345109375 0.18189646718750002 0.6105089640625 0.1803789796875 0.6292978109375 0.1856603453125 0.628711990625 0.185858546875 0.607148615625 0.1875032546875 0.587615440625 0.1841013609375 0.586532353125
0 0.435086265625 0.1201975109375 0.43563730781250004 0.10589716406250001 0.4295054703125 0.10621221249999999 0.4312893625 0.1231744296875 0.435086265625 0.1201975109375