0 0.4802917625 0.4860866515625 0.47188475625 0.483241396875 0.448664053125 0.4862264625 0.43992339999999996 0.49098057656250005 0.43906505156250003 0.4996183375 0.44853616562500004 0.500891490625 0.4558055828125 0.5027853953125 0.4713276921875 0.50222530625 0.48073267187499996 0.5012273546875 0.5331956765625 0.49241460156250005 0.54138223125 0.4876895046875 0.54175261875 0.48135186250000006 0.5277384859375001 0.4765256578125 0.50720744375 0.47658985156250006 0.499131115625 0.48510012343750003 0.48967469843749994 0.4843316625 0.4802917625 0.4860866515625
0 0.4509539328125 0.48863385 0.44443702343749997 0.49352424843750003 0.46003261562500003 0.495487609375 0.46608360937500004 0.49365436875 0.4649019265625 0.49118895 0.4509539328125 0.48863385
0 0.602172953125 0.4218291859375 0.600113840625 0.4082896 0.589527178125 0.40682213437500003 0.5785627828125001 0.4114399640625 0.56847143125 0.407924721875 0.5481388 0.4148022296875 0.548803125 0.418558390625 0.5594632703125 0.4225493078125 0.5745121140625 0.4247940296875 0.5807835609375 0.43053114218750005 0.586331896875 0.43049332968750004 0.602172953125 0.4218291859375
0 0.6054475265625 0.458050809375 0.63661666875 0.4612204984375 0.640407178125 0.4579892484375 0.6086765875 0.4545962296875 0.6054475265625 0.458050809375
0 0.4735544 0.4834066953125 0.4797156203125 0.4853586328125 0.49779511562499995 0.477335459375 0.49056244062500004 0.47670328125 0.4790439453125 0.4813501265625 0.4735544 0.4834066953125
0 0.50611394375 0.47715257187500004 0.49723366875 0.47711213125 0.49020675156250004 0.48354561250000005 0.49854027656250005 0.48386741562499996 0.50611394375 0.47715257187500004
0 0.5327400703125 0.476769209375 0.5332059874999999 0.47371205312500003 0.5149280828125 0.474921909375 0.5327400703125 0.476769209375
0 0.35698639375 0.5395513109375 0.3615073640625 0.542347328125 0.379630953125 0.5358382265625 0.376779625 0.5332075078125 0.36410149375 0.53614596875 0.35698639375 0.5395513109375
0 0.3884113125 0.5133909453125 0.38368458437499997 0.50352926875 0.377057446875 0.5046344890625 0.38001165000000003 0.5107980375000001 0.3884113125 0.5133909453125
0 0.385611425 0.512526640625 0.36830944374999997 0.5091362562499999 0.3485749984375 0.51749881875 0.35535645625 0.5216928453125 0.3698291546875 0.523209546875 0.37966330937500004 0.5178927125 0.3790210296875 0.5148935875 0.385611425 0.512526640625
0 0.2988016578125 0.5233906984375001 0.2991059078125 0.5147819515625 0.2707293046875 0.5122242203125 0.2610200734375 0.521830921875 0.2988016578125 0.5233906984375001
0 0.253987228125 0.5661741874999999 0.2592122296875 0.5550331984375 0.24923110468749998 0.55530313125 0.245077559375 0.5651243671875 0.253987228125 0.5661741874999999
0 0.305888784375 0.5571381078125001 0.2945422671875 0.5486339953125 0.285181378125 0.5511460203125 0.299283690625 0.559000365625 0.305888784375 0.5571381078125001
0 0.1470813984375 0.630152928125 0.13184149375 0.6213472328125 0.126359296875 0.6236561484375 0.14160654687500002 0.6327141875 0.1470813984375 0.630152928125
0 0.065431915625 0.66576701875 0.068994621875 0.6547130734375 0.05737325 0.6558270875 0.05544344531249999 0.66578460625 0.065431915625 0.66576701875
0 0.158444153125 0.5820447046874999 0.185965371875 0.574285303125 0.18202789531250002 0.572469653125 0.155046078125 0.579695346875 0.158444153125 0.5820447046874999
0 0.0841199140625 0.6405263531250001 0.12715885625 0.6129996265625001 0.1787914859375 0.5756718859375 0.16525796718750002 0.568293215625 0.102558065625 0.6067059546875 0.0724868078125 0.6221807859374999 0.05795235625 0.637600215625 0.0532153171875 0.6464410843749999 0.035260743750000004 0.658754121875 0.0398111078125 0.6625595203125 0.0594426734375 0.6506641265625001 0.0841199140625 0.6405263531250001