0 0.344143775 0.4530952140625 0.3660938875 0.45543861874999997 0.4388646203125 0.44027523906250005 0.432849196875 0.42742955625 0.419036703125 0.417585225 0.41050080937500005 0.4149606671875 0.3852112796875 0.41827120312500005 0.3368310046875 0.426615584375 0.32521493125 0.4339136640625 0.30290424374999997 0.43633451250000005 0.29914533906249996 0.43983720000000004 0.278473725 0.4436828734375 0.25758175781250003 0.45044003750000006 0.26779560468749997 0.46166960625 0.31289656093749996 0.458185121875 0.335666796875 0.4573861640625 0.344143775 0.4530952140625
0 0.550830453125 0.47657954374999995 0.5233232906249999 0.4707218953125 0.5054714437500001 0.46808578125 0.48683953750000003 0.4680626671875 0.4669491640625 0.46158579375000003 0.390742396875 0.46059786875000003 0.38222535468749996 0.4654181796875 0.3805627109375 0.4873866828125 0.40013375625 0.4903889 0.42564245312500004 0.49187642499999995 0.4415559328125 0.48934837656249996 0.484557084375 0.49052672187499996 0.5052687640625 0.48615168750000004 0.5263198046875 0.48498662656249997 0.5519687265625 0.4846213875 0.550830453125 0.47657954374999995
0 0.26785570000000003 0.46087556406249996 0.29004619531250003 0.4600428 0.2842299109375 0.45225985937499996 0.2742552671875 0.44556366875000003 0.25580246562500003 0.450867975 0.26785570000000003 0.46087556406249996
0 0.5085964125 0.4267955859375 0.5164524046875 0.4307097390625 0.514549378125 0.455854409375 0.538898590625 0.45727432031250004 0.557750846875 0.454385946875 0.5591318656250001 0.4438325265625 0.5671917171875 0.42197122656249997 0.5479812453124999 0.4142047546875 0.513895409375 0.41833158125000003 0.5085964125 0.4267955859375
0 0.616618334375 0.49982289843750005 0.6259130734375 0.5078086859375001 0.6486432484375 0.507539090625 0.6524422171875 0.5035070421875 0.6698345125 0.504521265625 0.674794146875 0.4928472828125 0.6661392453125 0.4841012625 0.6516256328125001 0.483520759375 0.6446687171875001 0.48311506875 0.641490734375 0.47894201406250003 0.6482485140625001 0.4742849609375 0.6549049546875 0.47866086093750004 0.6895292890625 0.48280675312500004 0.7032439859374999 0.47855538906249995 0.693989309375 0.47004024062500005 0.6846344703125 0.46284849531249994 0.6566866078125 0.462813825 0.6369541296875 0.46963860156250004 0.6263573171875 0.4788570609375 0.615640315625 0.489663609375 0.616618334375 0.49982289843750005
0 0.782259825 0.8040427593749999 0.8095242453125 0.8284956734375 0.83147435625 0.8308390781250001 0.8727963765625001 0.831121959375 0.8896489921875 0.8315730140625 0.9091010234375 0.8284537671875001 0.914599159375 0.8250525046874999 0.9074230703125 0.8198487546875001 0.87981575 0.815314509375 0.8496101906250001 0.8066410171875 0.8335187859375001 0.7961320953125 0.8257040390625001 0.7839790328125 0.8332018187499999 0.7772383406250001 0.8565706499999999 0.7839180609375 0.870383146875 0.793762390625 0.879436325 0.8126338953125 0.899127559375 0.8140480265625 0.9119832499999999 0.8057588390625 0.9362723656249999 0.8079727921875 0.9626612859374999 0.805523915625 0.968319675 0.8000052046875 0.9747283281250001 0.7999611609375 0.97500734375 0.7962745375 0.9738979375 0.7955452203125 0.9358752703125001 0.7901377609375 0.9190627203125 0.7891573453125 0.9076281109375 0.78636375 0.8996719625 0.7837730015625 0.88012095 0.780506103125 0.8656485828125 0.7716866875 0.864269925 0.7668210140625 0.8574331984375 0.7648272390625 0.84161988125 0.766031884375 0.8378821859375 0.761560340625 0.8193905031250001 0.7596844609375 0.8265064953125 0.7656822531249999 0.8087524453125001 0.7771418328124999 0.789677478125 0.7983607921875 0.782259825 0.8040427593749999
0 0.0993471125 0.8639123890624999 0.10482403437500001 0.8684853546875001 0.17167596406250002 0.8622815328125 0.0993471125 0.8639123890624999
0 0.2506106828125 0.5098495203125 0.24694722656249998 0.510167584375 0.247917 0.50889489375 0.2372824859375 0.5032236171875 0.2215092296875 0.5038989 0.21932929843750001 0.50962045625 0.2206077953125 0.515809534375 0.21570943593749997 0.518979925 0.22996263125 0.5230012796875 0.2481149578125 0.52166718125 0.26234930312500004 0.51824366875 0.2586917375 0.512713403125 0.2506106828125 0.5098495203125
0 0.5433974218750001 0.71328329375 0.623841496875 0.7198352921875 0.62758036875 0.7165972875 0.542658603125 0.7076573859375 0.5433974218750001 0.71328329375
0 0.33485493437499997 0.406561684375 0.3251984390625 0.41104969999999996 0.3191205625 0.41441715625000003 0.318379384375 0.4242103421875 0.330373703125 0.427302425 0.3438880828125 0.4256978703125 0.4111005828125 0.41472979375 0.420256284375 0.416858796875 0.4328692296875 0.427164875 0.43908497031250004 0.43736375 0.4584969375 0.434773865625 0.4768495828125 0.4307929625 0.4892044734375 0.429120790625 0.4861867484375 0.42283028749999996 0.48037046562499996 0.41504734687499995 0.4758538921875 0.4054792546875 0.4723966453125 0.3973021796875 0.47305769687500004 0.388567715625 0.46248327656250005 0.3821024 0.4418128421875 0.378238525 0.42504035625 0.376728746875 0.3875161234375 0.38012336874999997 0.3736812359375 0.3859628140625 0.35524728437499997 0.39871199062499996 0.352028059375 0.402777846875 0.3471697640625 0.40541887499999996 0.33485493437499997 0.406561684375
0 0.4245348 0.544981609375 0.4316507921875 0.550979403125 0.4409679265625 0.5432814109375 0.44064859843750004 0.5398067531249999 0.41853823125 0.53958079375 0.4245348 0.544981609375