0 0.465666665625 0.62727790625 0.44579329375 0.6264053656249999 0.40949494062499997 0.6272777125 0.399154903125 0.6280139796875 0.381214034375 0.63205855 0.3791647625 0.6387180671875 0.3798110703125 0.657733390625 0.3861205734375 0.6599347625 0.391972828125 0.6559153656250001 0.41509440781249995 0.655597725 0.44805002031249996 0.64951828125 0.45984093281250005 0.648075971875 0.46224180312499996 0.6502268984375 0.456010578125 0.6548212171875 0.48012279218750004 0.6563645140625 0.5125450171875 0.6546449015625 0.5318148546875 0.652882375 0.5456875484375 0.6439837265625 0.563555275 0.6417320078125 0.5580717234375 0.6279994015625 0.547788575 0.6273412296875 0.5395435749999999 0.6290104953125 0.52342741875 0.6231855640624999 0.5078172703125 0.6223861640624999 0.4902797546875 0.6252581953125 0.480583884375 0.627633503125 0.465666665625 0.62727790625
0 0.4814804 0.5272287765625 0.5055113453125 0.53076413125 0.5067539109375 0.5264496921874999 0.4837704859375 0.5233808359375 0.4814804 0.5272287765625
0 0.5458517890625 0.587671546875 0.5711740625 0.585697228125 0.568821953125 0.5823510671875 0.545675990625 0.5832663250000001 0.5458517890625 0.587671546875
0 0.8306506703125001 0.447517434375 0.8523945218750001 0.4461129828125 0.85038075 0.44318793124999994 0.8289833640625 0.4448142828125 0.8306506703125001 0.447517434375
0 0.6307039046875 0.451097403125 0.634885859375 0.4531626 0.64271424375 0.44427653906250003 0.6363397265625 0.44366881406249997 0.6307039046875 0.451097403125
0 0.2077367265625 0.6491165171875 0.205035159375 0.6543362015625 0.2270198265625 0.6557433265625 0.23697276562499997 0.6557811859375 0.238150315625 0.6530603921875 0.2077367265625 0.6491165171875
0 0.4696976609375 0.8596173593750001 0.47537112343750004 0.8599804875 0.48300446093750005 0.8558753640625 0.48997737812500003 0.8505296140624999 0.48437705781249996 0.8483736343749999 0.46734555312500003 0.8562711984375 0.4696976609375 0.8596173593750001
0 0.9695679343749999 0.41486582656250004 0.9765164703125 0.4101176953125 0.9730680812499999 0.40750027187500004 0.96399199375 0.4121122296875 0.9695679343749999 0.41486582656250004
0 0.9785332109375 0.23868226250000002 0.9904053921875 0.23524789531249998 0.9782923968749999 0.2358706875 0.9785332109375 0.23868226250000002
0 0.9617904312500001 0.2743602015625 0.9748290421875 0.27719199375 0.9784643531249999 0.27522768750000004 0.963999246875 0.2725043171875 0.9617904312500001 0.2743602015625
0 0.79273674375 0.2701309078125 0.8066389484375 0.2692231828125 0.8053099796875 0.2669411390625 0.7924796749999999 0.26771774375 0.79273674375 0.2701309078125
0 0.8054340234374999 0.2813293390625 0.811800415625 0.282136271875 0.8176201624999999 0.278913696875 0.8126883906250001 0.2777991359375 0.8054340234374999 0.2813293390625
0 0.394901903125 0.313972440625 0.4119304140625 0.314862621875 0.41345443125000003 0.31236372968750004 0.394999425 0.3115819734375 0.394901903125 0.313972440625
0 0.42669108125 0.301626840625 0.44307542812499995 0.3008779828125 0.4439146421875 0.2977360828125 0.4257085765625 0.2995666953125 0.42669108125 0.301626840625
0 0.6261339765625 0.310397625 0.6436146046875 0.308920034375 0.6440911 0.30595464375 0.6259419234375 0.3063908140625 0.6261339765625 0.310397625
0 0.600760803125 0.29619089062500004 0.5967657671875 0.2895439625 0.589649559375 0.28968766874999996 0.5943131421875 0.297376015625 0.600760803125 0.29619089062500004
0 0.480824653125 0.2992995984375 0.4814230515625 0.29334612187500003 0.47754692656250003 0.2924988546875 0.475191825 0.297940440625 0.480824653125 0.2992995984375
0 0.2363743203125 0.33058918125000003 0.22139208593749998 0.331827228125 0.22375232343749998 0.334974184375 0.23769516406250002 0.33307043125 0.2363743203125 0.33058918125000003
0 0.019598809375 0.43295495781250004 0.0087253859375 0.43805105624999996 0.010046228124999999 0.44053230625 0.023821396875 0.434024125 0.019598809375 0.43295495781250004
0 0.0824175203125 0.46174166406249995 0.07838698281249999 0.46467930468749996 0.0825526828125 0.46714291250000006 0.0885401046875 0.46852476562499995 0.09003973750000001 0.46662349062499997 0.0824175203125 0.46174166406249995
0 0.335627446875 0.6688862359375001 0.3506421890625 0.6668513625 0.353706471875 0.66145516875 0.33404953593750003 0.6639918234375 0.335627446875 0.6688862359375001
0 0.47696056875000004 0.7600195640625 0.489994046875 0.754262815625 0.48811030625 0.7481504703125 0.46880496718750003 0.759497565625 0.47696056875000004 0.7600195640625
0 0.726924771875 0.3931439984375 0.7390296390625 0.3927204125 0.737427346875 0.3884236171875 0.727046675 0.3901559125 0.726924771875 0.3931439984375
0 0.19851263125000002 0.5440695046874999 0.2034148890625 0.5371931421875 0.1963393140625 0.5363408203125 0.1889142828125 0.54405434375 0.19851263125000002 0.5440695046874999