0 0.296215759375 0.24018785625 0.2985703671875 0.2160293671875 0.29800770781249997 0.1962074640625 0.281339671875 0.1973326125 0.27595998125 0.2524545453125 0.270634196875 0.294263046875 0.26594544062500003 0.31970571406250003 0.28264692812500003 0.3281414453125 0.28614562499999996 0.3098270125 0.28950763125 0.28638653125 0.292337540625 0.28580249687500003 0.29297625 0.28036210625 0.2966037015625 0.2675148609375 0.29908874375 0.2597490015625 0.2980240703125 0.25049353750000003 0.29818290625 0.24367071718750002 0.296215759375 0.24018785625
0 0.2321124078125 0.36529878125000004 0.2395408234375 0.3761421 0.28598727031250004 0.37161818593749996 0.3471521734375 0.3727294234375 0.44169285625 0.3698846578125 0.47789685937500004 0.354419178125 0.47102941718749997 0.35247231874999996 0.4773041171875 0.34688728125 0.44539635781250003 0.331775115625 0.41700197812499995 0.3417091484375 0.4432210421875 0.326236475 0.42234701250000006 0.32106925 0.3951046640625 0.33650619531250003 0.33724954218750003 0.33619335 0.3095574046875 0.3379578640625 0.3147072640625 0.347697375 0.30876780312499996 0.349879934375 0.301277534375 0.352691184375 0.2713306625 0.352328465625 0.23298936874999998 0.3496241578125 0.23349475156250002 0.36090860468749997 0.2321124078125 0.36529878125000004
0 0.45103883749999996 0.529311865625 0.4502458671875 0.51938305 0.44957370625 0.5152625640624999 0.44500865 0.5133960906249999 0.43645539062500005 0.51787731875 0.42114298593750005 0.5487531859375 0.42220766093749995 0.55800865 0.42905127656250003 0.56097893125 0.435054271875 0.5560672453125 0.45103883749999996 0.529311865625
0 0.4470472703125 0.513808684375 0.44391389062500003 0.51643063125 0.4450738671875 0.5215924046875 0.4489270578125 0.5210440968750001 0.4503491109375 0.5149482187500001 0.4470472703125 0.513808684375
0 0.29414271406250003 0.48320527343749997 0.2945891375 0.4750268203125 0.290527778125 0.47351935 0.289137490625 0.4782506671875 0.29030540781249997 0.4830712984375 0.29414271406250003 0.48320527343749997
0 0.23888093437500002 0.5034680671875 0.241710840625 0.5028840328124999 0.24190938593750003 0.49435550937499995 0.23831201562499998 0.49491274843750005 0.23888093437500002 0.5034680671875
0 0.2634936 0.491012075 0.260455521875 0.48954033125 0.255618759375 0.4883472078125 0.24939965156250002 0.4915442578125 0.2439797734375 0.4934035375 0.2395831765625 0.4952985484375 0.239400515625 0.5031447906250001 0.24402910625000002 0.5022821359375 0.25770045937499997 0.5089049812499999 0.2618174109375 0.5080244656249999 0.2643359046875 0.5098194859375 0.271498878125 0.510069571875 0.2855848828125 0.50987853125 0.287038703125 0.5024180859375 0.286949659375 0.49524519375000003 0.2852621609375 0.490747840625 0.2681460171875 0.4891259984375 0.2634936 0.491012075
0 0.261523565625 0.52064668125 0.263323934375 0.5312935046875 0.260886540625 0.5370125171875 0.2625263890625 0.5435567156250001 0.2710240546875 0.5414634734375 0.2874759796875 0.5386236875 0.288905975 0.5321866671875 0.28879310625 0.5260371984375001 0.28815271249999996 0.5205521484375 0.266719390625 0.5174139046875 0.2634096078125 0.5166155109375 0.261523565625 0.52064668125
0 0.24745512656250002 0.531080884375 0.24963212812500002 0.5475449671875 0.24945740781249998 0.55505006875 0.25442918125 0.550443796875 0.260414609375 0.535288946875 0.26259618125 0.5295610046875 0.2610119234375 0.52062881875 0.2563339953125 0.5126128750000001 0.2538568953125 0.5200375921875 0.250076865625 0.5284410734375 0.24745512656250002 0.531080884375
0 0.07523096093750001 0.36255281875 0.07460019375 0.36765206875 0.13319101093750002 0.369356271875 0.12183624374999999 0.3512060859375 0.11388824374999999 0.3406860453125 0.0998022359375 0.3408770875 0.08062533125 0.3507915171875 0.074078928125 0.35704990312499996 0.07523096093750001 0.36255281875
0 0.670511565625 0.65886078125 0.6746795359375 0.6777843046875 0.6775173859375 0.6768591296875 0.6741089359375 0.658303540625 0.670511565625 0.65886078125