0 0.49601820312499995 0.5150084406250001 0.5056882828125 0.5162488640625 0.5153583625 0.5148959234375 0.523890784375 0.518217653125 0.5477815703125 0.5162633078125001 0.556882821875 0.5118016437499999 0.558020478125 0.502977596875 0.5483503984375 0.5012185046875001 0.54095563125 0.4989275015625 0.5250284421875 0.4987608265625 0.5153583625 0.4993357578125 0.46131968125 0.5058742109375001 0.45278725781249995 0.510332565625 0.45221842968750003 0.5168192781250001 0.4664391359375 0.5224419375 0.4874857796875 0.5233568359375 0.49601820312499995 0.5150084406250001
0 0.5301478953125 0.5078078046875001 0.5312855515625 0.510394546875 0.5455062578125001 0.5136831843749999 0.5523321953125 0.508975421875 0.53640500625 0.5062153875 0.5301478953125 0.5078078046875001
0 0.4106939703125 0.567112728125 0.4050056890625 0.566886484375 0.3885096703125 0.575021875 0.3902161546875 0.589016096875 0.401023890625 0.59102790625 0.4124004546875 0.58681234375 0.4226393625 0.5909021515624999 0.44368600625 0.5848149765625 0.44311717812499996 0.5809282437500001 0.4323094421875 0.576323071875 0.41695108125 0.5733003906249999 0.4106939703125 0.567112728125
0 0.35039817968750003 0.53608385 0.3828213875 0.5410819390625 0.3862343578125 0.5376907140625 0.35437997656250003 0.5329486515624999 0.35039817968750003 0.53608385
0 0.504550625 0.524035565625 0.5164960187500001 0.519816690625 0.5221842999999999 0.5179682437500001 0.515927190625 0.515670621875 0.497155859375 0.523041240625 0.504550625 0.524035565625
0 0.5051194546875 0.51703018125 0.49658703125 0.5163018125 0.4886234359375 0.5228315453125 0.4977246875 0.5232972671875 0.5051194546875 0.51703018125
0 0.46075085312499997 0.5250683921875 0.47952218437500005 0.5246998484375001 0.46131968125 0.52195305 0.46075085312499997 0.5250683921875
0 0.62286689375 0.47148000156250003 0.63594994375 0.46906986093749997 0.643344709375 0.46591480625 0.638794084375 0.46282924843749995 0.620022753125 0.46864385000000003 0.62286689375 0.47148000156250003
0 0.6217292375000001 0.5007915984375 0.6188850968749999 0.4943247421875 0.6103526734375 0.49126234999999996 0.6149032984375 0.50160931875 0.6217292375000001 0.5007915984375
0 0.619453925 0.48706002187499997 0.620022753125 0.49016874687499995 0.6131968140625 0.492283146875 0.6308304890625 0.496589271875 0.6513083046875 0.48894938750000005 0.6444823656249999 0.48432105 0.6296928328125 0.48207306875 0.619453925 0.48706002187499997
0 0.7309442546875 0.498081515625 0.7411831624999999 0.488685846875 0.7025028437499999 0.485280178125 0.701934015625 0.4941009140625 0.7309442546875 0.498081515625
0 0.7542662109375 0.454896040625 0.7588168375000001 0.44501479374999997 0.7497155859375 0.44351172656250004 0.744027303125 0.45469627187499995 0.7542662109375 0.454896040625
0 0.717292378125 0.45744517343749996 0.703071671875 0.44871047812500003 0.6962457343749999 0.45030620781249997 0.7076222984375 0.45957611875 0.717292378125 0.45744517343749996
0 0.8822525593749999 0.3906140921875 0.8668941984374999 0.3805893375 0.861205915625 0.3829564546875 0.8765642781249999 0.392721875 0.8822525593749999 0.3906140921875
0 0.9539249140624999 0.3608921359375 0.956200228125 0.350764790625 0.9459613203125 0.3503056859375 0.941979521875 0.36148030468750003 0.9539249140624999 0.3608921359375
0 0.8236632531250001 0.44048815 0.8515358359375 0.43436126249999996 0.8481228671875 0.43178775781249995 0.81968145625 0.43843662656250004 0.8236632531250001 0.44048815
0 0.9721274171875001 0.35482150625000003 0.9516496015625 0.36609209531250003 0.9260523328125 0.375317778125 0.8811149031250001 0.401512828125 0.8270762234375001 0.4373562609375 0.8407281 0.44557559218750004 0.9061433453125 0.4091473 0.937428896875 0.3947018 0.9527872578125001 0.379570953125 0.9579067125 0.37072374375 0.97667804375 0.358944409375 0.9721274171875001 0.35482150625000003