0 0.7153398734375 0.5245204921875 0.720040721875 0.5295544546875 0.7316904328125 0.54369505 0.740294696875 0.5415543203125 0.751769196875 0.5319500406250001 0.756531878125 0.5193671390625 0.7494644984375001 0.5071965046875 0.7437935921875 0.50230463125 0.7424434921875 0.48181321875 0.7327648140624999 0.45858000624999995 0.6883109234375 0.398622071875 0.6792879703125 0.3911398359375 0.655301909375 0.3559161 0.6460973125 0.344938909375 0.6335252140625001 0.3357755703125 0.6161749750000001 0.34359934999999997 0.6074058140624999 0.355888721875 0.6007506874999999 0.3735909703125 0.6162819171875 0.405211009375 0.6395259390625 0.43085914374999995 0.64773729375 0.44858475000000003 0.676219371875 0.49195382031249996 0.6919863515625 0.51165405625 0.7153398734375 0.5245204921875
0 0.742099540625 0.524562534375 0.7339216890625 0.5341241203125 0.7256407765625 0.5362174859375 0.7300736703124999 0.5439318703125 0.740231571875 0.5411233703125 0.7517060718749999 0.531519090625 0.7560822765624999 0.5185526078125 0.7497169968749999 0.5089202984375001 0.7484081296875 0.5135139718749999 0.742099540625 0.524562534375
0 0.765084596875 0.45824780625 0.7436080671874999 0.44466623906249997 0.7384035109375 0.4542324984375 0.7599431671875 0.468245015625 0.765084596875 0.45824780625
0 0.7633158124999999 0.4281334296875 0.7455391578125 0.42853635 0.7453111390625 0.4382540421875 0.7647676796875 0.43804525156249996 0.7633158124999999 0.4281334296875
0 0.2434462703125 0.42592836093750003 0.2490385953125 0.43479350156249996 0.2552067703125 0.4453350703125 0.2590869984375 0.4447667015625 0.2658310265625 0.4569847 0.2766124484375 0.4606877984375 0.289522065625 0.4473517421875 0.29553178125 0.44779203437500004 0.3004606515625 0.44310830625 0.296326628125 0.4239050671875 0.3011292484375 0.4183594390625 0.30426743749999996 0.40821546875000003 0.299046134375 0.40413812968749996 0.2931072703125 0.40192667968749995 0.2994712546875 0.393511175 0.2897230171875 0.3900969359375 0.284486253125 0.3904238125 0.27631613125 0.3977832921875 0.2673730546875 0.4043756015625 0.2635791375 0.398768596875 0.25566795 0.3876019484375 0.24711908125 0.3923757359375 0.2386719796875 0.3865699296875 0.2349733953125 0.39063325625 0.237473903125 0.39642971718750003 0.248957425 0.40267114218750005 0.250811228125 0.40856233125 0.24375287031249998 0.4122374 0.2434462703125 0.42592836093750003
0 0.1658108078125 0.5565931765625 0.1667873 0.5362011625 0.1611627671875 0.5180966421875 0.125953409375 0.4761531703125 0.1175771640625 0.46857620625 0.10256897499999999 0.47209516875 0.0933180046875 0.474330625 0.0884368015625 0.48384952031250006 0.08630860625 0.5008886703125001 0.0900638796875 0.517506215625 0.0922178484375 0.5299563671875 0.136103615625 0.5860357656249999 0.145157484375 0.58470956875 0.1578468109375 0.5788890984374999 0.1658108078125 0.5565931765625
0 0.09225390624999999 0.4828502015625 0.093382421875 0.49280938750000003 0.09767360625 0.5040660906250001 0.10082854999999999 0.507565715625 0.1045902578125 0.5039333421875 0.09910743125 0.482286503125 0.09225390624999999 0.4828502015625
0 0.14988921875 0.4704461140625 0.150936565625 0.44828294218750003 0.141969009375 0.44343376250000005 0.14071683125 0.46870830625000004 0.14988921875 0.4704461140625
0 0.1263334515625 0.4967866765625 0.11996044374999999 0.489356475 0.11665735937499999 0.5096490890625 0.1146154765625 0.520512865625 0.1197736578125 0.5241592546875 0.1263334515625 0.4967866765625
0 0.020987539062499998 0.4563127921875 0.00618418125 0.4567203828125 0.011802278125 0.495074825 0.0249334796875 0.49227099687500003 0.020987539062499998 0.4563127921875
0 0.037961615625 0.481998946875 0.042975503124999995 0.4530920296875 0.034639193750000005 0.45255233749999996 0.032472354687499996 0.48060202968750004 0.037961615625 0.481998946875