0 0.18833539531250001 0.078305125 0.19293530625 0.077760003125 0.20180656562500002 0.07580120312500001 0.205420784375 0.0700218046875 0.20673504375 0.06517211875 0.20509221718749998 0.050753010937499995 0.2027922625 0.044673110937499996 0.1732213984375 0.033532374999999996 0.16467870625 0.034169229687500004 0.15712170625 0.0387260578125 0.15482174843750002 0.044036778124999995 0.153507490625 0.04494355625 0.1535074890625 0.048886465625 0.1535074890625 0.051515071875 0.15186466406250002 0.055496199999999996 0.151207534375 0.058140093749999996 0.1531789234375 0.0594085296875 0.15547888125 0.0584788171875 0.156793140625 0.059762543749999994 0.1584359671875 0.0645434328125 0.1600787921875 0.06713381562500001 0.17486422343750002 0.074237534375 0.1820926578125 0.0762598640625 0.18833539531250001 0.078305125
0 0.49620094375 0.1903058203125 0.49882946562499997 0.18936846093749998 0.49915803125 0.1867322125 0.4981723359375 0.18368843906250001 0.4985009015625 0.18149029218749999 0.49554381562499994 0.17805428437499998 0.4912724671875 0.17421075156250002 0.4876582515625 0.167285225 0.48272977499999997 0.16170457968750002 0.4781298609375 0.160497296875 0.47484420937499994 0.1627642453125 0.47254425468749994 0.167198765625 0.47352995 0.17330924375 0.47747273124999995 0.1793509234375 0.4814155140625 0.18539260468750002 0.483386903125 0.18709914218749998 0.486343990625 0.189658946875 0.49061533749999997 0.18955957031249998 0.493243859375 0.18906031406249998 0.49620094375 0.1903058203125
0 0.1439791 0.3255497921875 0.1420077078125 0.3194622484375 0.1393791875 0.32127580624999996 0.1406934484375 0.3265024390625 0.1439791 0.3255497921875
0 0.2195490859375 0.2852387203125 0.22152047656249998 0.28344045156250003 0.22020621562499998 0.281718625 0.21494917187499998 0.2792123296875 0.21363491406250001 0.28099531093749996 0.2195490859375 0.2852387203125
0 0.1978637859375 0.273476421875 0.203120828125 0.2724779125 0.203120828125 0.271601709375 0.194578134375 0.270048059375 0.194578134375 0.2718004609375 0.1978637859375 0.273476421875
0 0.2267775171875 0.27192751875 0.22940603906249998 0.265732953125 0.22677751875 0.2657941078125 0.22414899687499998 0.271112471875 0.2267775171875 0.27192751875
0 0.1912924828125 0.238581240625 0.19260674375 0.24205547031250002 0.1998351765625 0.2392586890625 0.19852091562500002 0.23753686406250002 0.1952352640625 0.23761330625000002 0.1912924828125 0.238581240625
0 0.20114943749999997 0.212065859375 0.19260674375 0.21138840937499997 0.19260674375 0.214017015625 0.20246369843749998 0.2137876859375 0.20114943749999997 0.212065859375
0 0.2563483828125 0.21779122499999998 0.24846281874999998 0.2162222875 0.24846281874999998 0.21797469062500002 0.25700551250000003 0.219528340625 0.2563483828125 0.21779122499999998
0 0.1742070953125 0.1758922234375 0.1801212671875 0.1740022203125 0.1788070046875 0.1722803953125 0.1728928328125 0.17504659843749998 0.1742070953125 0.1758922234375
0 0.3260041953125 0.242456678125 0.32534706562500004 0.2363385546875 0.3220614125 0.23553879531250002 0.3220614140625 0.24079600625 0.3260041953125 0.242456678125
0 0.32797558437499996 0.2485442234375 0.3279755859375 0.2502966265625 0.3358611484375 0.25274176875 0.3404610609375 0.25088234531250003 0.3404610625 0.2482537390625 0.32797558437499996 0.2485442234375
0 0.416031046875 0.2289715078125 0.40814548281249996 0.22915497187499997 0.4088026125 0.2326444921875 0.416688178125 0.23070862343749998 0.416031046875 0.2289715078125
0 0.47714416562500006 0.187244384375 0.4778012953125 0.1828480859375 0.475172775 0.1811568375 0.4745156453125 0.1864293359375 0.47714416562500006 0.187244384375
0 0.3798888796875 0.1614686515625 0.3838316625 0.1578721109375 0.381860271875 0.1570417765625 0.3785746203125 0.15974682499999998 0.3798888796875 0.1614686515625
0 0.5408858046875 0.240085890625 0.5330002421875 0.24026935312500003 0.5336573718750001 0.24288266875 0.5408858046875 0.2435906953125 0.5408858046875 0.240085890625
0 0.5467999781249999 0.21366223906249998 0.5415429359374999 0.2102797421875 0.5395715453125 0.2120780109375 0.54548571875 0.21632142187499998 0.5467999781249999 0.21366223906249998
0 0.381860271875 0.301615059375 0.385145921875 0.2971576078125 0.38317453125 0.29632727187499996 0.3798888796875 0.299908521875 0.381860271875 0.301615059375
0 0.3871173140625 0.30061654843749996 0.390402965625 0.2952828953125 0.388431575 0.2935763578125 0.38448879375 0.2989253 0.3871173140625 0.30061654843749996
0 0.5113149421875 0.32576544687500003 0.5060578984374999 0.3258877546875 0.5060579 0.327640159375 0.512629203125 0.326611071875 0.5113149421875 0.32576544687500003
0 0.5750565828124999 0.4373124671875 0.5816278859375 0.432778571875 0.5796564937500001 0.43107203437499997 0.5750565812499999 0.43293145781250003 0.5750565828124999 0.4373124671875
0 0.88456495625 0.4660357765625 0.8747080031250001 0.46013169375 0.874050871875 0.4618993859375 0.8832506953125 0.4686949578125 0.88456495625 0.4660357765625
0 0.9101930375 0.7423192609375 0.9069073875000001 0.7362622921875001 0.909535909375 0.7309439265625 0.9062502562500001 0.7283917640625 0.9009932140625001 0.736399890625 0.9036217359375 0.742472146875 0.9101930375 0.7423192609375
0 0.9279355562499999 0.7646877125 0.9384496421874999 0.7583096796875 0.9371353812500001 0.7530830468749999 0.92464990625 0.758630740625 0.9279355562499999 0.7646877125
0 0.8287088812500001 0.7363292390625 0.8221375765625 0.727720109375 0.818851925 0.7277965531249999 0.8234518390625001 0.7373277500000001 0.8287088812500001 0.7363292390625
0 0.356232190625 0.412612734375 0.3457181046875 0.40847634375 0.346375234375 0.4119658609375 0.354917928125 0.415271915625 0.356232190625 0.412612734375
0 0.1433219703125 0.3868992015625 0.1538360546875 0.377892565625 0.1518646625 0.376186028125 0.142664840625 0.3825334828125 0.1433219703125 0.3868992015625
0 0.5750565812499999 0.8552606859375 0.5763708421875 0.8587349171875 0.5803136234374999 0.859519384375 0.586227796875 0.8471149640625001 0.5829421453125 0.841934196875 0.5750565812499999 0.8552606859375
0 0.24386290625 0.061241601562500005 0.251091340625 0.058444821875 0.24911995 0.0576144875 0.24320577656250003 0.0595044875 0.24386290625 0.061241601562500005
0 0.01715295 0.0691447984375 0.023724253125 0.06811570781250001 0.023724253125 0.0663633046875 0.01715295 0.0665161921875 0.01715295 0.0691447984375