0 0.2228648265625 0.5877674328125 0.1829149375 0.618901784375 0.205299009375 0.663307078125 0.24163459999999998 0.6362469546875 0.2398850984375 0.631428603125 0.2330539296875 0.6167063203125001 0.23504240625 0.61195374375 0.23175919218750002 0.6043726515625 0.2228648265625 0.5877674328125
0 0.1919587515625 0.6487780328125 0.18083113906249998 0.6494029546875 0.180690071875 0.6539828562500001 0.192784546875 0.653682721875 0.19802467031249998 0.6502868421875 0.19601042500000002 0.64590839375 0.1919587515625 0.6487780328125
0 0.2312355015625 0.60234581875 0.23654455 0.6084920921875 0.23450712031249998 0.61574018125 0.2412893359375 0.6329579765625 0.24989318906250002 0.6408720703124999 0.2590439203125 0.6391864546875 0.267276740625 0.6346805421874999 0.270324190625 0.6281683609375001 0.2696394609375 0.61868376875 0.2684684 0.6104901015624999 0.2728395671875 0.6017784140625 0.274704365625 0.592885834375 0.2736627796875 0.5859255343750001 0.269697421875 0.58961741875 0.2617093703125 0.5816457671874999 0.25616714375 0.5821637890625 0.2511659953125 0.5759887375 0.24640640625 0.5810003265625 0.2451084578125 0.592330859375 0.23375925937500003 0.59380680625 0.23067444843749998 0.5970012312499999 0.2312355015625 0.60234581875
0 0.6201506796875 0.901025665625 0.604447703125 0.9024933953125001 0.604873484375 0.909511253125 0.6182858812500001 0.9099182453125 0.6390505531249999 0.906316784375 0.6358162953125001 0.8962401796874999 0.6201506796875 0.901025665625
0 0.6520667734375001 0.8407509734374999 0.645465571875 0.8430286 0.6397275296875 0.8535286718749999 0.6448581515625 0.860937090625 0.6568463359375001 0.847777046875 0.6520667734375001 0.8407509734374999
0 0.6012037296875 0.7649647500000001 0.5860360359375 0.762646040625 0.5850144234375 0.767723403125 0.6011921375 0.7707780203125 0.6012037296875 0.7649647500000001
0 0.669019996875 0.7416046828125 0.6647551203125001 0.7631762796875 0.671036828125 0.7667406999999999 0.6732385078124999 0.7432861671875 0.669019996875 0.7416046828125
0 0.59966618125 0.8302879843750001 0.6025809453125001 0.8462066359374999 0.5929986375 0.843781028125 0.58609533125 0.8431807984375 0.584495275 0.8516334765625 0.5865958359375 0.856834171875 0.5868000343750001 0.864703053125 0.5984139749999999 0.8627872062499999 0.6079215609374999 0.8585773 0.6118231609375 0.8868584015625001 0.6446591234375 0.8945833437499999 0.65307616875 0.8859086515625 0.631739478125 0.8455570218749999 0.6261540937500001 0.8456639218750001 0.62268665625 0.8422516109375 0.6069752984375001 0.8258684078125 0.59966618125 0.8302879843750001
0 0.9451574515625 0.807128978125 0.9373884015625 0.7775487359375 0.9296734750000001 0.786988115625 0.9331235234375 0.7991203312499999 0.9367635906249999 0.80417713125 0.9451574515625 0.807128978125
0 0.5750881031249999 0.6731652765625 0.575188596875 0.6889318171875 0.5802013359375 0.6892935984374999 0.5788692375 0.673642171875 0.5750881031249999 0.6731652765625
0 0.2511892609375 0.762806846875 0.2646274265625 0.772344865625 0.2674043359375 0.7691792203125 0.254938828125 0.75705935 0.2511892609375 0.762806846875
0 0.993135215625 0.962479715625 0.9807510562499999 0.9536734921875001 0.9784488843749999 0.96136148125 0.9818484265625 0.9635346703125001 0.993135215625 0.962479715625