0 0.44298971875 0.43352425468750005 0.4353105234375 0.43695744531249997 0.4159192515625 0.42654594531249995 0.3992820875 0.42388551718749995 0.3314546578125 0.4037169890625 0.309841496875 0.40547808593749995 0.3060933625 0.4126636875 0.3073377953125 0.42831811875000003 0.2696747390625 0.45732778749999997 0.27105533125000003 0.48038007968749996 0.27384792343750003 0.4852261234375 0.27851190625 0.5008222390625 0.3020390859375 0.510128771875 0.309722421875 0.50991816875 0.3201598671875 0.5174586375 0.35319086718750003 0.5305419 0.3691625859375 0.54101171875 0.379595890625 0.5453296 0.4836288140625 0.5192462250000001 0.49785701875 0.5199186546875 0.5037198734375 0.5157207171875 0.5161317359375001 0.5156284046875 0.5291320765624999 0.5135367578125 0.53363505 0.502399478125 0.5308809421875 0.4946484046875 0.5187124062499999 0.48697831249999995 0.5119502687499999 0.481284890625 0.49809741250000006 0.47702532656249996 0.47793059375 0.45445255781249994 0.46870858593750003 0.44000839531249997 0.4570515609375 0.4361490296875 0.44298971875 0.43352425468750005
0 0.48696018125 0.4834218640625 0.48047450625000004 0.49574675 0.477915753125 0.5086014546875 0.4822772140625 0.51875205625 0.500010225 0.5200012890625 0.504269865625 0.516626415625 0.518327565625 0.5160286000000001 0.52795098125 0.5143128328125 0.5353661375 0.5025291000000001 0.53130305625 0.49460142031250004 0.516687078125 0.4878483578125 0.512329759375 0.4809203453125 0.500971115625 0.47928390312499997 0.48696018125 0.4834218640625
0 0.6414564875 0.3034612234375 0.664518921875 0.31249718125000003 0.6803284234375 0.3281419359375 0.708302315625 0.34823419375000003 0.7251099812499999 0.3521648640625 0.7725231203125 0.3543004390625 0.813933103125 0.350013503125 0.8518382796875 0.34514975937500003 0.8751357609375001 0.3399781359375 0.8946685437499999 0.329101753125 0.91610291875 0.3196252359375 0.927743378125 0.31059424375 0.94738211875 0.316465928125 0.9563318046875 0.316114371875 0.9696263843749999 0.3130230609375 0.9820165015625 0.3063852859375 0.957554375 0.124143315625 0.9350035578125 0.1125354546875 0.9133394890625001 0.1075338125 0.8606904562500001 0.10469181093749999 0.8167312109375 0.09637030156250001 0.791984453125 0.0907448703125 0.7537287781249999 0.118531284375 0.7545978609375 0.13777284843749998 0.7253866140625 0.1403796703125 0.7006096546875 0.1441044484375 0.664984353125 0.18191184062500002 0.6357209890625 0.20966425625000001 0.61222694375 0.226138434375 0.5861960640625 0.239671934375 0.5730376453125 0.25016110625 0.596159275 0.27240498125 0.6414564875 0.3034612234375
0 0.7510821890625 0.4243710328125 0.7378728640625 0.4280974640625 0.7288929765625001 0.43779923125 0.7345592703125 0.44490385000000005 0.7444810656249999 0.445411003125 0.751699659375 0.444929825 0.7533372140625 0.43797914843749997 0.761566403125 0.4354516515625 0.7607991390625 0.4297355625 0.757921296875 0.42425439843749996 0.7510821890625 0.4243710328125
0 0.831580171875 0.48148352968749997 0.8182127671874999 0.4936074890625 0.8326582421875001 0.4990903109375 0.84353971875 0.490788409375 0.831580171875 0.48148352968749997
0 0.7728173593750001 0.3533007734375 0.742011184375 0.3631758359375 0.732442821875 0.37487693125 0.7154729343749999 0.3761211984375 0.7127436796875 0.387705659375 0.712329846875 0.3941978234375 0.726553909375 0.3916476625 0.7275727859375001 0.3960465234375 0.7562932328125 0.40574192187499997 0.793784578125 0.40737034375 0.8030711265624999 0.4063366796875 0.8209746390625 0.40885615625 0.8546326000000001 0.41703505625000004 0.882798909375 0.4226021703125 0.9064415406249999 0.4231936171875 0.9352732984375001 0.4209513421875 0.9648598921874999 0.414757384375 0.9707446640624999 0.3947640640625 0.9697216453124999 0.3871426140625 0.9665371390624999 0.372993346875 0.9594766187499999 0.3650769984375 0.9478663640624999 0.364757784375 0.9129503390625 0.3631650140625 0.881577603125 0.35924402187500004 0.831670253125 0.354485325 0.8108586984375 0.3558348921875 0.7728173593750001 0.3533007734375
0 0.9496963375 0.3432819625 0.9554313140625 0.3381313453125 0.9638268640625001 0.33365150312499997 0.9854400249999999 0.33189040468750003 0.9821242984375 0.30718836562499996 0.9693321453125 0.3140227265625 0.9579776421874999 0.3156088734375 0.9465378859375001 0.3165598984375 0.9419881484375001 0.3241570296875 0.9308935421875001 0.33087112812499997 0.9496963375 0.3432819625
0 0.9378948671874999 0.3255795578125 0.9292903296875 0.3316941875 0.9379540609375001 0.338787475 0.95037420625 0.345140340625 0.9553886875 0.337813784375 0.947526565625 0.3303089671875 0.9378948671874999 0.3255795578125
0 1 0.4663054609375 0.9877411296874999 0.4798945875 0.9808333390625 0.49226645625 0.9728681890624999 0.50314449375 0.9684972374999999 0.5184570453124999 0.971127609375 0.528478025 0.9786185265625 0.542792565625 0.9812571812499999 0.5592587250000001 0.9908243359375 0.579465959375 0.9917153359374999 0.582912140625 0.997590615625 0.588381971875 1 0.598784159375 1 0.4663054609375
0 1 0.597971615625 0.9983922234374999 0.58797044375 0.9915448328125 0.5816418984375 0.9862112625 0.570632584375 0.9798629562500001 0.5584469984375 0.9776037921875 0.54161629375 0.9733275796875 0.5321008125 0.9609500593750001 0.5260655078124999 0.951872496875 0.5254643828125001 0.9419974703125 0.528497378125 0.940615671875 0.53735341875 0.92994318125 0.5440205328125 0.92518445625 0.55325245 0.9378769234375 0.5744010359375 0.9548414609375 0.6018425125 0.9779713750000001 0.630531565625 1 0.6574076343749999 1 0.642455953125 0.9968387125 0.6274645734375001 0.9974189062500001 0.6190200625 1 0.608244721875 1 0.597971615625
0 0.6339055203124999 0.6365981859375001 0.6348432859375001 0.643584515625 0.6433749953125 0.64650253125 0.64949360625 0.644209959375 0.6517622640625 0.635577509375 0.6432731781250001 0.6329770546875 0.6339055203124999 0.6365981859375001
0 0.9525817765625 0.48606422031249996 0.9329045499999999 0.48309756562499995 0.9107029093750001 0.48685799375 0.89509290625 0.49504160781250006 0.8887268265625 0.5018739937500001 0.8892507625 0.5153524890625001 0.9020160562499999 0.527468425 0.91680668125 0.5387143203125 0.936565015625 0.5390935078125 0.9419122203124999 0.5278622578125 0.9501840343750001 0.525652321875 0.9594705828125001 0.5246186578125 0.9689744031249999 0.5283953875 0.9671456359375 0.517962878125 0.9726976859375001 0.5018742515625 0.964916671875 0.491781965625 0.9525817765625 0.48606422031249996
0 0.8855568078125 0.1048247453125 0.9164221765624999 0.108157603125 0.9366920234375 0.112347515625 0.9575435203125 0.12406245 0.9519872765624999 0.082668625 0.8855568078125 0.1048247453125