0 0.4355958703125 0.2559436328125 0.4292677578125 0.2662866609375 0.430075034375 0.275747840625 0.435081871875 0.284746028125 0.444632303125 0.29137132656250003 0.5350098703125 0.29390825781249996 0.5504414390625 0.289573515625 0.55736755 0.2731996609375 0.556380121875 0.2593163984375 0.5488329609375 0.250090628125 0.5331440359374999 0.248108109375 0.450069140625 0.24879555 0.4355958703125 0.2559436328125
0 0.41781163125000004 0.3267861828125 0.426940821875 0.3334261953125 0.5245953265625001 0.3385557703125 0.5425800859375001 0.334764475 0.5514871265625 0.3255966203125 0.5534226624999999 0.310978640625 0.5445345671874999 0.29990183125000003 0.535890959375 0.2948264203125 0.4244641234375 0.2933410078125 0.41435769218749996 0.3041323171875 0.4126632484375 0.3143135015625 0.41781163125000004 0.3267861828125
0 0.4227575234375 0.3446432484375 0.4192270921875 0.3615311234375 0.42429826875 0.3721086234375 0.432099390625 0.377213459375 0.5288985421875 0.3820565984375 0.5591122093750001 0.3781544859375 0.566028846875 0.371902965625 0.56839849375 0.35758613437500003 0.56625028125 0.3462739140625 0.55881893125 0.3398909140625 0.5414579046875 0.338283109375 0.5250294375 0.3388569203125 0.4316516984375 0.33515952968749996 0.4227575234375 0.3446432484375
0 0.45819141874999997 0.4171064390625 0.4644619828125 0.42606048437500005 0.4727229515625 0.43209819843749997 0.5474210687500001 0.4225302765625 0.566454196875 0.4237633640625 0.5789628015625 0.420163340625 0.586300684375 0.41389710625 0.5812227156249999 0.3824432140625 0.5662862015625 0.3782202265625 0.5272264390625 0.3824313140625 0.464692890625 0.390309103125 0.45804647656249997 0.40319374999999996 0.45819141874999997 0.4171064390625
0 0.44550945468750003 0.4371607703125 0.4391298703125 0.44624034687499997 0.4385095328125 0.462077640625 0.44783174062500003 0.47345560000000003 0.454279059375 0.476393534375 0.5600976671875 0.4644733890625 0.5762945125 0.45821404374999997 0.581793009375 0.448216303125 0.5809213921875 0.4371758078125 0.5763872703125 0.4294263625 0.56521620625 0.42443923124999994 0.5474210687500001 0.4225302765625 0.44550945468750003 0.4371607703125
0 0.4343167640625 0.48341702499999994 0.427133296875 0.49347361718749994 0.425860096875 0.5036400890625 0.42961607187500006 0.5129982765625 0.44095102343750003 0.5116534328125 0.543888665625 0.511853790625 0.552860046875 0.5042652515625 0.5597380828125 0.497066140625 0.560168796875 0.48692909531249995 0.55725530625 0.47754148125 0.54898146875 0.47118790468749994 0.5323985890625 0.467971359375 0.5260670796875 0.46787619375 0.4343167640625 0.48341702499999994
0 0.42252268125 0.5252659109375 0.41960311250000004 0.5364388234375 0.42597662031250005 0.5479197734375 0.43298672812500005 0.5543174890625 0.5477320359375 0.5544217421875001 0.5589769109375 0.5508658578125 0.5667875078125 0.5458483625 0.5697328109375001 0.535307175 0.5679801046875 0.52334851875 0.563918696875 0.5168478109375 0.55791835625 0.5145268890625 0.5447440203125 0.512140228125 0.42923343437500006 0.5139605796875 0.42252268125 0.5252659109375
0 0.447663203125 0.5832219375000001 0.45227453281249996 0.5928665625 0.46089240625 0.597310246875 0.5782295093750001 0.5989055375000001 0.5935967375 0.5929914796875 0.5987383296875 0.58458776875 0.5909114718749999 0.57885120625 0.5888499390625 0.5593118328125 0.5760453734375 0.55564700625 0.5486002578125 0.5550240421875 0.45873400625 0.5546834421875 0.44911315937499996 0.5670393546875 0.447663203125 0.5832219375000001
0 0.5900602265625 0.63043988125 0.6029772062500001 0.6265092812499999 0.6198912546875001 0.6275000734375 0.6254926937499999 0.6200292375 0.62204215 0.6078135703124999 0.6030733578125 0.6081597953125 0.594979671875 0.606228303125 0.5831076671875 0.6047450921874999 0.5746570765625 0.6044076281249999 0.5647111375 0.5984287671875 0.537253153125 0.5974899406249999 0.452519021875 0.5988679609374999 0.43820963593749995 0.5996840703124999 0.4329007640625 0.6039815609375 0.43267253749999995 0.6087342203125 0.4249005453125 0.6146993046875 0.4255662765625 0.620685990625 0.43122258281250003 0.624916803125 0.427293246875 0.6320129234375 0.4364095671875 0.638337071875 0.45719200937500004 0.6410906234375 0.4963161125 0.6384588515625 0.5381220859375 0.6395291578125 0.5554316421875 0.6398735109375 0.5765933265625 0.6312265640625 0.5900602265625 0.63043988125
0 0.596067359375 0.6536371937500001 0.5025968625 0.6787274828125 0.4940338578125 0.685985446875 0.48777955625 0.6877854578125 0.4873617078125 0.6982383671875 0.4920888484375 0.710725759375 0.4999800453125 0.7180416390625 0.5055205390624999 0.719429684375 0.5182092953125 0.7202517421875 0.621776746875 0.694492475 0.6256160078125 0.6851853140624999 0.62077305625 0.669855153125 0.615344978125 0.66087168125 0.6058460171875 0.655509834375 0.596067359375 0.6536371937500001
0 0.6320821 0.471132190625 0.615155184375 0.4698255359375 0.5983698125 0.4719933765625 0.5884272687500001 0.47645271093749997 0.5838355984375 0.48800034062500003 0.586012940625 0.5103824796875001 0.5926479140625001 0.5800558062500001 0.6013429921875 0.58639466875 0.6224694703125 0.5872383296875 0.6371872296875 0.58609164375 0.6467342656249999 0.5822787484374999 0.6469238890625 0.5765785 0.6442765125000001 0.521948896875 0.6475658531249999 0.50949781875 0.6441153078124999 0.49728215000000003 0.646462615625 0.4927717875 0.6413047609375 0.49042144062500004 0.6390278687500001 0.475950590625 0.6320821 0.471132190625
0 0.6361420828125001 0.39475906250000004 0.6375825640625 0.3886988125 0.6349135625 0.3853125953125 0.6316011703125 0.366133225 0.6143173484375 0.3664206 0.5849719015625 0.3709250109375 0.5864286484375001 0.37561881874999997 0.5816696968749999 0.3830602265625 0.5876158828125 0.41511641875 0.5862397390625 0.42275598593749997 0.5913468374999999 0.4652797984375 0.5999518421875 0.46940761875000003 0.6189463703125 0.46969311874999997 0.6386675703125 0.467106425 0.6378311625 0.44657532343749995 0.6402042046875 0.4426966859375 0.63918156875 0.43830402968750004 0.6361420828125001 0.39475906250000004
0 0.5872046546874999 0.2496993234375 0.569541590625 0.2613871953125 0.58183555 0.3042926125 0.583791459375 0.352303803125 0.5896536484375 0.361588425 0.6112528390625 0.3636808234375 0.6314596234375001 0.3626587328125 0.6327903734375 0.3331951859375 0.6318252859375 0.309505453125 0.633519728125 0.2993242703125 0.63175415625 0.287049746875 0.62683739375 0.280262603125 0.6269044140625 0.250843196875 0.6208268671875 0.246627096875 0.606466009375 0.24617975312499998 0.5872046546874999 0.2496993234375
0 0.58943275625 0.231908 0.5730300234375 0.23311353750000002 0.5622097859374999 0.24709290468749998 0.5625186140625 0.25467361718750003 0.5640783015624999 0.2618943296875 0.5703583390625 0.26072604374999997 0.5888510234375001 0.2486928828125 0.5985010015625 0.24740689218749998 0.599201940625 0.243902971875 0.5940826890625 0.24250021249999998 0.5950890609374999 0.2361388125 0.58943275625 0.231908
0 0.5303443890625 0.313998903125 0.5297077875 0.31908213750000003 0.5388884484375 0.32698560312499997 0.5440334359375 0.3290200875 0.54955766875 0.319654075 0.5366244250000001 0.3128306171875 0.5303443890625 0.313998903125
0 0.5614175171875 0.3622583390625 0.5643242171875 0.35076956406250004 0.5597162828125 0.351563134375 0.5559928328125 0.36371306406250004 0.5614175171875 0.3622583390625
0 0.5726732906249999 0.4314539578125 0.564708284375 0.432681096875 0.56476315 0.44438274531250005 0.5694354234375 0.44516848906249995 0.5726380843750001 0.440944565625 0.5726732906249999 0.4314539578125
0 0.5443674578125 0.4925420046875 0.5509786640625001 0.48914796406249994 0.5468915187500001 0.4820155296875 0.5398333359375 0.4847925578125 0.5443674578125 0.4925420046875
0 0.5609767875 0.53782719375 0.5622757234375 0.5282924484375 0.5567352296875 0.526904403125 0.5558318 0.5357927078125 0.5609767875 0.53782719375
0 0.32840736718749997 0.45168921093750003 0.323059890625 0.4550391109375 0.3128119125 0.4623559265625 0.31601796875 0.468570196875 0.3158412140625 0.4745863078125 0.32313101875 0.4774948171875 0.3281087265625 0.47542308125000005 0.3271084296875 0.46122395625 0.32840736718749997 0.45168921093750003
0 0.318296828125 0.41060540625 0.3116761515625 0.4241217796875 0.31885693437499996 0.44506391093750003 0.33543981562499997 0.44828045625 0.3344618625 0.4242748609375 0.3224835203125 0.40982655 0.318296828125 0.41060540625
0 0.3142740234375 0.4050522890625 0.338632290625 0.4127419453125 0.34904755 0.40953134999999996 0.35315363906249997 0.39641911875 0.3431176234375 0.38822921718750003 0.3375161859375 0.3957000515625 0.3289755203125 0.393151546875 0.3142740234375 0.4050522890625
0 0.3948067984375 0.673319296875 0.4028070140625 0.662601553125 0.3988742828125 0.6592594765625 0.3673908125 0.6837662546875001 0.3948067984375 0.673319296875
0 0.9029149078125001 0.6163494093749999 0.92677133125 0.61172040625 0.9228643359375001 0.60901005625 0.9040242218750001 0.6125149140625 0.9029149078125001 0.6163494093749999
0 0.6102344859375 0.6079096734375 0.6090642265625 0.6206030499999999 0.6105981796875 0.6271920359375 0.61823201875 0.6281906515625 0.623897796875 0.6222991312499999 0.6243928515625 0.6137414031249999 0.622016415625 0.6071818421875 0.6102344859375 0.6079096734375