0 0.31046684375 0.72691335 0.3146708015625 0.7277662390625 0.31461821093750003 0.7235397125 0.316491775 0.7195454671875 0.32278979375 0.7189213046875 0.328798884375 0.7077464250000001 0.335049378125 0.6957012734375 0.3350911921875 0.6889263437500001 0.3369856640625 0.6815446328125 0.33756287500000004 0.6772556890625 0.340732790625 0.6735561421875 0.33851264531249997 0.6699676015625 0.333621225 0.6721450609375 0.328913553125 0.6764201796875 0.3239118890625 0.6773390406249999 0.317425059375 0.683060003125 0.3088391046875 0.6974524828125 0.30012199375000004 0.7139738265625 0.294207309375 0.7226003078125001 0.28766282187500003 0.731289203125 0.2883243078125 0.7388407796875 0.29115335 0.74575436875 0.2991887109375 0.7504592890625 0.3063053421875 0.744675909375 0.3080686578125 0.7394230687500001 0.30660946875 0.73364324375 0.307706234375 0.7280332875 0.31046684375 0.72691335
0 0.3406960421875 0.673136609375 0.3384758953125 0.6695480703125 0.3354371328125 0.6711187468750001 0.332954675 0.6717879453125 0.33041455937499997 0.6754250734375 0.33157975781250004 0.6778486421875 0.3340413078125 0.680566909375 0.3370591625 0.682383696875 0.338470828125 0.6767425312500001 0.3406960421875 0.673136609375
0 0.20615230312500002 0.8015738562499999 0.20481413437499998 0.8080540875000001 0.20553327656249998 0.8126377296875 0.2096269875 0.8122320249999999 0.20754877187499998 0.817516075 0.2107503703125 0.8214305218750001 0.22006053125 0.804427228125 0.2315699359375 0.7943999390625 0.22227561406250002 0.8152102296875 0.21563165624999997 0.8336419859375 0.23290432343749998 0.8458949296875 0.2365145875 0.8218393875000001 0.23706011718750003 0.80993645 0.2405709078125 0.795623771875 0.24028197968749998 0.785073053125 0.23418861406249997 0.7844074109375 0.2264263390625 0.7864462125 0.22196006875 0.7898510578125 0.2116000234375 0.79849491875 0.20615230312500002 0.8015738562499999
0 0.2543707375 0.663072184375 0.2635605203125 0.6591992171875 0.263193028125 0.655003896875 0.264179546875 0.64813534375 0.2684937515625 0.6502468312499999 0.2750331734375 0.6487523953125 0.27946269375 0.6449280171875 0.2787327765625 0.629342915625 0.27746239687499996 0.6184662890625 0.2722345265625 0.598672040625 0.26783098125000004 0.5919144937499999 0.263999578125 0.5880624609375 0.2522747484375 0.588378096875 0.24903133125000002 0.5912385796875 0.2463391546875 0.60039204375 0.2484439890625 0.609916446875 0.25111019218749997 0.6113449109375 0.2569621546875 0.612880825 0.25501509375000003 0.61603600625 0.2529001265625 0.6209005234375 0.248900821875 0.618757828125 0.2504861015625 0.6296032453125 0.25318398750000004 0.6386457015625 0.253861315625 0.650004275 0.25313204218749996 0.659809553125 0.2543707375 0.663072184375
0 0.678056225 0.49582348749999994 0.6839607796875 0.5015859296875 0.68985455625 0.49634691562500005 0.696079075 0.4948836890625 0.7065075546874999 0.494273353125 0.6999047671875 0.48053980156250004 0.6894971953125 0.477762671875 0.688620925 0.48588982031250005 0.6806590640625 0.48202396406250003 0.683330334375 0.476257965625 0.6894287640625001 0.46972914687499995 0.6795717859375 0.44785461875 0.675016178125 0.4466134046875 0.67053913125 0.4390167921875 0.6713419046875 0.4300505796875 0.65489798125 0.398249496875 0.6082514765625 0.4350336078125 0.6148751703124999 0.4453796953125 0.62098944375 0.4426578734375 0.6229422140625 0.45769860937500007 0.632578696875 0.4770559453125 0.643043925 0.476865140625 0.6458362171875 0.48335919687500006 0.6375911390625 0.487138540625 0.6539089734375 0.5138740296875 0.6662952875 0.5211099703125 0.6697433578124999 0.5169596859375 0.6705511953125 0.5007990109375 0.6712595609374999 0.49438119687500004 0.678056225 0.49582348749999994
0 0.7868223984375 0.254414396875 0.7979275593749999 0.2397722546875 0.782827515625 0.2196868609375 0.776329909375 0.214406365625 0.746971271875 0.2418600375 0.7421691921875 0.2486835578125 0.743754475 0.25952897343750003 0.7447308593749999 0.26704934375 0.7520996703125 0.27139715 0.745576090625 0.2766985796875 0.7460538296875 0.282152496875 0.7549078031249999 0.2816982 0.7645385765625 0.2828596171875 0.7674879984375 0.2766428796875 0.7724738234374999 0.2719170203125 0.7790918078125 0.26406718906250004 0.7868223984375 0.254414396875
0 0.44563081406249994 0.42787548906249995 0.4513826609375 0.4137638828125 0.46057244218750004 0.409890915625 0.47113714375000004 0.39995725000000004 0.477550475 0.39339722187500004 0.48183299843749994 0.3878947171875 0.48044730468749997 0.38295395625 0.4733566484375 0.3781554109375 0.4548719 0.37744829062499996 0.4459710453125 0.39187197500000004 0.44009310937499996 0.4009179859375 0.4414477625 0.423635134375 0.44563081406249994 0.42787548906249995
0 0.15345231875 0.7547462578124999 0.14924329218750002 0.761087828125 0.154943190625 0.768140075 0.1581656984375 0.7686670578125 0.15863266250000002 0.7631195171875 0.15345231875 0.7547462578124999
0 0.0437458640625 0.9636641312500001 0.038780948437500004 0.9650025234375 0.0332388203125 0.9706298640625001 0.0298100625 0.9713744453125001 0.0312816265625 0.9881739671875 0.035149778124999996 0.9924455312499999 0.0395951390625 0.99242815 0.0422087515625 0.9896300828125 0.042381721875 0.9807262874999999 0.04836990625 0.9729388703125 0.0437458640625 0.9636641312500001
0 0.240385146875 0.5070374703125 0.24314575624999998 0.5059175328125 0.24609517812499998 0.4997007953125 0.24261542656250001 0.4962370890625 0.238064884375 0.4878014125 0.23351434062499998 0.47936573750000006 0.2289954796875 0.478544053125 0.224565959375 0.4823684328125 0.2191917375 0.4862864359375 0.21832053281250002 0.4872191234375 0.2246869828125 0.4946284875 0.240385146875 0.5070374703125
0 0.7030284453125 0.5162000250000001 0.699076665625 0.5254783187500001 0.704262078125 0.5266571171875001 0.7189889203125001 0.524351271875 0.7302360125 0.5185817187499999 0.741099771875 0.5048098484375 0.75265605625 0.48081316875 0.763283478125 0.4607171109375 0.7599874734375 0.4593510625 0.744016865625 0.46558873749999996 0.7320455671875 0.4739691078125 0.69887136875 0.5013777453125 0.7030284453125 0.5162000250000001