0 0.7483623374999999 0.6863235296875 0.7250645718750001 0.692486478125 0.706954278125 0.6981829828125 0.7172415734375 0.7140691718750001 0.7424188890625001 0.706329040625 0.7840441 0.6960147015625 0.839098821875 0.6840755734374999 0.8384634359375 0.667095503125 0.818400396875 0.6688647578125 0.7942710265625 0.6740941578124999 0.7905473078125 0.672516646875 0.7836789390625001 0.673481934375 0.7742256796875 0.673497475 0.7666527828125 0.676925228125 0.754073375 0.682107021875 0.7486510625 0.6833942875 0.7483623374999999 0.6863235296875
0 0.6551052421875 0.6382428375 0.66272486875 0.6999347234375 0.6630940812499999 0.7474144609375 0.6748258125000001 0.75364384375 0.6791092937500001 0.7517288109375 0.6905506796875 0.7509086468749999 0.6837482109375 0.71247381875 0.6802005875 0.68224754375 0.6822417875 0.67434510625 0.6838133015625 0.6680843125 0.6941890500000001 0.6721408156249999 0.6930276656250001 0.6439426265625 0.6865653734375 0.5855019625 0.6992493046875 0.5561457562500001 0.691817121875 0.535656615625 0.6789884234375 0.563982746875 0.6859967 0.534111171875 0.6673563546875 0.5036425890625 0.6623868468749999 0.5106435421875 0.659692571875 0.503931846875 0.647931940625 0.542349490625 0.6551052421875 0.6382428375
0 0.46015684375 0.5842332906250001 0.46961010312499996 0.5842177515625 0.4991416625 0.5650988375 0.5027551859375 0.5559250015625 0.5003866375 0.5515309796875 0.496157040625 0.55133759375 0.4860531359375 0.5517071812500001 0.46075117499999996 0.5710194796875 0.45643231249999994 0.5776663875 0.46015684375 0.5842332906250001
0 0.49980918750000003 0.5573894578125 0.50212223125 0.5539131140625 0.5006214796874999 0.5507101578125 0.49462090625000005 0.5528665125 0.49447694843749995 0.556825828125 0.49980918750000003 0.5573894578125
0 0.5574562296875001 0.703437221875 0.549250378125 0.7048530859375 0.5497932578125 0.7087158734375001 0.5547820765625 0.7093277687499999 0.559408975 0.7073644734375 0.5574562296875001 0.703437221875
0 0.534961984375 0.7601701390625 0.5346732578125 0.763099378125 0.5433672953124999 0.762665328125 0.5435474453125 0.7589635296874999 0.534961984375 0.7601701390625
0 0.5232422703124999 0.7166490624999999 0.524545990625 0.730909146875 0.525559365625 0.7381196859375 0.5276383765625 0.74045355625 0.52718719375 0.74471865625 0.53532309375 0.7577559359375 0.53494429375 0.7625360765625 0.5428429171875 0.761425996875 0.544288165625 0.7567585828125 0.5455886453125001 0.75106109375 0.548154221875 0.7443979890625 0.54643631875 0.7396499171875 0.544628340625 0.7367527453125 0.546037396875 0.7318278125 0.5425822796875 0.7147188171875001 0.5378644968749999 0.7135436203125 0.530616515625 0.71429965 0.5232422703124999 0.7166490624999999
0 0.49403319687499997 0.7181280734375 0.49291529843750004 0.735091946875 0.49170570312499995 0.74392793125 0.4984839984375 0.7448135421875001 0.5039963843749999 0.7416753765624999 0.51493189375 0.7422393359375 0.5187995703125 0.7398575296875001 0.5176422374999999 0.7366063078125 0.5121981843750001 0.7153125453125 0.5065949125 0.715312215625 0.5003771875 0.7159234546875 0.49403319687499997 0.7181280734375
0 0.4890508609375 0.757431328125 0.5058968671875 0.7576898328125 0.508282296875 0.754728525 0.5163610703125 0.7499166484375 0.52359055 0.7465371609375 0.5150042765625 0.742754375 0.505822053125 0.7422066125 0.500273475 0.745087259375 0.485615865625 0.752924578125 0.481495653125 0.7584931421875 0.4890508609375 0.757431328125
0 0.6891852468749999 0.9131282421875 0.694264140625 0.9118892375 0.6999397953125001 0.91240460625 0.705559946875 0.9050496015625 0.7135277171875 0.8844969875 0.7122239953125 0.8702369015625001 0.7007632953125 0.863444215625 0.6812407046875 0.8541080750000001 0.6891852468749999 0.9131282421875
0 0.312462446875 0.343172534375 0.3320019171875 0.34515334375 0.3321820671875 0.341451546875 0.313094590625 0.34019503125 0.312462446875 0.343172534375