0 0 0.0813455265625 0.0057958234375 0.08008902968750001 0.06063539375 0.07219268437500001 0.057650071875 0.057796751562500005 0 0.06520993593749999 0 0.0813455265625
0 0.6799131078125 0.44102193593749994 0.6804976859375 0.435457121875 0.679424909375 0.42672718125 0.671734175 0.4234933234375 0.6634588671875 0.4258242796875 0.6562335578125 0.42379741718749997 0.645040896875 0.42819263437500005 0.635987996875 0.429356740625 0.634937996875 0.433714565625 0.6361753515624999 0.43862281875000003 0.6432474078125 0.4394025484375 0.6471977734375 0.440583696875 0.6545763375 0.44385769531249997 0.65848128125 0.44208871875 0.6618073078125 0.44335014843750004 0.6737718984375001 0.442656190625 0.6799131078125 0.44102193593749994
0 0.7922032265625 0.44389612031250003 0.793928646875 0.4398737265625 0.7856590015625 0.439670275 0.7832070734375 0.442941528125 0.7922032265625 0.44389612031250003
0 0.203554975 0.5668854078125001 0.2073577484375 0.5642850109374999 0.20434955000000002 0.5604490296875 0.1974818328125 0.56133214375 0.19424665000000002 0.5659709578125 0.19736267968750001 0.5681039515624999 0.203554975 0.5668854078125001
0 0.6105832906249999 0.46260542187500003 0.612047628125 0.45903888125 0.6070075 0.45673102656250003 0.60460665625 0.46041799218749996 0.6105832906249999 0.46260542187500003
0 0.7439252656249999 0.5180912921874999 0.7501175625000001 0.5168727484375 0.7529327421875001 0.5139770640625 0.7480571921875 0.5078475203124999 0.7397762234374999 0.5127128890625 0.7439252656249999 0.5180912921874999
0 0.9235019515625 0.5059789343750001 0.9170088109375 0.5021688 0.91444905 0.5071430421875001 0.9211011093750001 0.5096659015625 0.9235019515625 0.5059789343750001
0 0.7070829984375 0.40923539375000006 0.7163856609375 0.412684253125 0.713246853125 0.39746349687500004 0.7059591375000001 0.400089740625 0.7070829984375 0.40923539375000006
0 0.42880969843749994 0.4103913796875 0.424586925 0.4147349078125 0.41443860312499997 0.417306715625 0.423667534375 0.4304775046875 0.43448562031250004 0.4307755359375 0.43430958750000004 0.41644063906250006 0.42957596875000004 0.4166270515625 0.42880969843749994 0.4103913796875
0 0.45128033749999996 0.433261 0.4504573234375 0.4291440265625 0.444951771875 0.425629178125 0.440570084375 0.43125998125000004 0.4303195921875 0.4330003640625 0.440399846875 0.4376160765625 0.45128033749999996 0.433261
0 0.2214672265625 0.464923915625 0.2215863765625 0.45815210781250004 0.213600459375 0.4473551609375 0.207970096875 0.4531465296875 0.204689490625 0.454835221875 0.20581335156249997 0.46398087343750005 0.20640938593749997 0.47657264218749995 0.212090834375 0.471196984375 0.2214672265625 0.464923915625
0 0.11592620625000001 0.5608400390625 0.1176005421875 0.5564019328125 0.10777004999999999 0.5563991875000001 0.10703222187500001 0.5607168687499999 0.11592620625000001 0.5608400390625
0 0.024778125 0.5003507640625 0.016758240625 0.5047602796875 0.02070294375 0.5084758359375 0.0311123515625 0.5054481749999999 0.031696928125 0.49988336093749997 0.0293698140625 0.493848396875 0.027349207812499998 0.49030770312499994 0.024778125 0.5003507640625
0 0.6137677890625 0.527227109375 0.613779109375 0.5221582890625001 0.6053051234375 0.5202919890625 0.6047716328125 0.5262725171875 0.6137677890625 0.527227109375
0 0.8135334203125 0.5348995296875 0.8190048687499999 0.530395434375 0.8171942624999999 0.5259831765625 0.8115297968749999 0.5237556031249999 0.8006436453125 0.530645090625 0.8135334203125 0.5348995296875
0 0.8628725703125 0.4280523109375 0.8685596796875 0.42014224218749996 0.8641608734374999 0.41015087499999997 0.84043603125 0.413201634375 0.834748921875 0.42111170312499996 0.8322856703125 0.4294517765625 0.8628725703125 0.4280523109375
0 0.8534107234375 0.37943991875 0.8437845703125 0.38110001875 0.8348395 0.3805611390625 0.8243392484375001 0.3776885546875 0.8218249109375 0.3856129203125 0.8178064765625 0.3916192921875 0.8230055203125 0.392639871875 0.8324160109375001 0.39438574531250004 0.8398683078125 0.387937815625 0.8532404874999999 0.38579601406249997 0.8534107234375 0.37943991875
0 0.9036247718749999 0.41647780624999997 0.908931646875 0.41579540000000004 0.9135687578124999 0.41224315312500004 0.90640019375 0.4080975890625 0.9012976593750001 0.41044284375 0.9036247718749999 0.41647780624999997
0 0.89983925 0.45792578125 0.9001911796875 0.46337017031250005 0.90924408125 0.46220606406250003 0.91860915 0.461001815625 0.9240238546875 0.45861642187499996 0.91836505 0.4538544390625 0.9134838390625 0.45025930625 0.9050552765625 0.45134313125 0.9049928703125 0.45599623906250003 0.89983925 0.45792578125
0 0.654973425 0.4058014 0.6599113828125 0.40727783124999994 0.6703151296875001 0.40678458281249996 0.6700142812500001 0.40175590312500004 0.66127355 0.40287986875000004 0.6553480015625001 0.4011081484375 0.654973425 0.4058014
0 0.508084034375 0.4774748546875 0.506273428125 0.4730625953125 0.5013354718749999 0.47158616249999996 0.4996043890625 0.47814296718750005 0.508084034375 0.4774748546875
0 0.46718397187500005 0.43881700781250005 0.45584938125 0.43689627187499996 0.46457312812499996 0.44337553749999997 0.46718397187500005 0.43881700781250005