0 0.9076153109374999 0.392691959375 0.9012787156250001 0.3686779796875 0.8958579140625 0.3722912203125 0.9033313812499999 0.3967729671875 0.9076153109374999 0.392691959375
0 0.8561320484375001 0.3663810328125 0.85939575 0.36498095468749997 0.8688195828125 0.353772284375 0.8661309546875 0.3486112796875 0.856227275 0.3608150953125 0.8561320484375001 0.3663810328125
0 0.7801585375 0.42462465624999995 0.7906195874999999 0.423979665625 0.7934684015625 0.41835411718750004 0.7927855375 0.4127065484375 0.7812913375 0.413940140625 0.7781140109375 0.4188342328125 0.7801585375 0.42462465624999995
0 0.7440293109375 0.4135158703125 0.74832580625 0.42720945156249995 0.752224759375 0.43423991093750003 0.755514303125 0.437024490625 0.758229128125 0.43068789374999994 0.75349155 0.42426644218750004 0.7458578984375 0.4105712515625 0.7440293109375 0.4135158703125
0 0.6811044046875 0.549100459375 0.684294653125 0.5462986937500001 0.6856304718749999 0.542256890625 0.6718414687500001 0.5181580578125 0.6691137234375 0.5224023265625 0.6695976390625 0.5325594625 0.6811044046875 0.549100459375
0 0.61777808125 0.46753025625 0.6087218812499999 0.470065109375 0.5909638296875 0.48005092656250004 0.5888067312499999 0.4822640890625 0.5897299546875 0.563560390625 0.5889474390625 0.5680087375 0.5983063093750001 0.562020684375 0.6308093421875001 0.54730886875 0.6373496656250001 0.54660104375 0.636679721875 0.5430458046875 0.6219538640625 0.4669228578125 0.61777808125 0.46753025625
0 0.6058233203125 0.5725671796875 0.6180697687500001 0.5672305625 0.6309905875 0.5609192078125 0.6385208734375001 0.557875771875 0.6387500890625 0.553020884375 0.636670871875 0.5521057593750001 0.6360917265625 0.5475145593749999 0.6293568796875 0.5482019765625 0.604803446875 0.5595658515624999 0.5957601671874999 0.5641930312500001 0.591342246875 0.567562990625 0.5918911234374999 0.5724995109375 0.5894789671875 0.57538290625 0.5922454765625 0.5774156234375 0.6058233203125 0.5725671796875
0 0.5739277625 0.48627903906250003 0.575129590625 0.4815261875 0.5740274140625 0.4761831234375 0.5593647390625 0.47325085624999996 0.554618309375 0.475889359375 0.5581714046874999 0.48462601093749996 0.5739277625 0.48627903906250003
0 0.403569734375 0.622441475 0.4025719890625 0.5867902609375 0.40335893125 0.5778119390625001 0.396624084375 0.57849935625 0.39543074843750003 0.5898745109375 0.3967440859375 0.624164853125 0.403569734375 0.622441475
0 0.359488971875 0.50943479375 0.3635828046875 0.5008034015625 0.3586680484375 0.4919238953125 0.3450507328125 0.5218598703125 0.33619719375 0.54671969375 0.341807734375 0.5633390984375 0.343757390625 0.5590132 0.349105090625 0.5383160124999999 0.359488971875 0.50943479375
0 0.259694603125 0.8708098546875 0.2403899328125 0.8402079406249999 0.23584244999999998 0.8383368734375001 0.230992296875 0.8399190078125001 0.2333911765625 0.85062554375 0.2531886171875 0.8823246421875 0.259694603125 0.8708098546875
0 0.59351495 0.2583269546875 0.5778534625 0.26679025 0.57697571875 0.2768045328125 0.578873334375 0.279791578125 0.5892956234375 0.272869603125 0.5948504125 0.2699674125 0.5950667078125 0.26302019374999996 0.59351495 0.2583269546875
0 0.642833684375 0.233181965625 0.6341185578124999 0.2542228609375 0.6327524734375001 0.2586099828125 0.6347235421875 0.262998715625 0.6376284671875 0.2612125046875 0.6464473140625 0.24122797812500002 0.645301946875 0.2341379046875 0.642833684375 0.233181965625
0 0.45560171250000003 0.4700317921875 0.4563152 0.4596517828125 0.4530522078125 0.42968734218750004 0.444981540625 0.4344165609375 0.44716412656250004 0.4520703140625 0.44982213125000003 0.4732588984375 0.45560171250000003 0.4700317921875
0 0.5182934921875 0.5118069421875 0.514619684375 0.488769309375 0.5124847124999999 0.46833259062500004 0.5079025374999999 0.4713368203125 0.5106339984375 0.49392709218749997 0.5135773296874999 0.514100125 0.5182934921875 0.5118069421875
0 0.3152995125 0.6149233671875 0.3313588953125 0.597440934375 0.345667571875 0.5797748328125001 0.3174679484375 0.49387443906249995 0.27249367812499997 0.5142477828125 0.270025059375 0.5289741 0.265009940625 0.561555025 0.26246344062500004 0.57940963125 0.2602583734375 0.600088021875 0.25841615625 0.6323048296875 0.2827056796875 0.630671140625 0.2950082375 0.6291738609374999 0.30601409375 0.6223131093750001 0.3152995125 0.6149233671875
0 0.24244579531250002 0.727162596875 0.23971433593749997 0.7045723234375 0.23938175312499999 0.6926885859375 0.23532739375 0.6762324453125 0.2322976890625 0.652565396875 0.225459475 0.6365141875 0.22008593125 0.6530267171874999 0.21859842343749997 0.6744773796875 0.22330095625 0.7014563859375 0.2260844546875 0.7167337125000001 0.23041564375 0.7255519953125 0.23121515 0.7343482609375 0.24244579531250002 0.727162596875
0 0.0410963140625 0.9391821359374999 0.038272179687500005 0.952477175 0.054237485937499996 0.9541521234375001 0.0608475609375 0.91093516875 0.060865262499999996 0.8928152609375 0.0470323625 0.8983339375 0.0454370609375 0.9075759484375 0.044079471875 0.9185853765625 0.040884798437499995 0.9259171171875 0.0410963140625 0.9391821359374999
0 0.36000545 0.6088101859374999 0.349825653125 0.5972873421875 0.3385477484375 0.5915737156249999 0.3341685921875 0.601220659375 0.33876333125 0.6159910156249999 0.357778965625 0.62077394375 0.36000545 0.6088101859374999
0 0.044504825 0.651682471875 0.05867880156250001 0.6646698390625 0.07147483906249999 0.632905225 0.0642213828125 0.6283108015625001 0.051901478125 0.63224573125 0.044504825 0.651682471875
0 0.39998779375 0.55132110625 0.3970965015625 0.5238351296875 0.396024590625 0.5181467453125 0.3909108859375 0.5137768078125 0.3871197234375 0.518954996875 0.3946924859375 0.5490230890625 0.39998779375 0.55132110625
0 0.9267102453125 0.3316175640625 0.9294427734375 0.307161059375 0.9257771046875 0.3064279921875 0.9241814484375 0.3313522625 0.9267102453125 0.3316175640625