0 0.356760375 0.11972891562500002 0.33433735000000003 0.12782379531250002 0.3383534140625 0.13271837343749998 0.3611111109375 0.12349397656250001 0.356760375 0.11972891562500002
0 0.336680053125 0.171310240625 0.33500669375 0.1682981921875 0.3232931734375 0.1602033125 0.3186077640625 0.1632153609375 0.3313253015625 0.17168674687500002 0.336680053125 0.171310240625
0 0.38989290468750004 0.23908132499999998 0.3949129859375 0.2417168671875 0.4002677375 0.239269578125 0.398594378125 0.22929216874999997 0.392904953125 0.2270331328125 0.3875502015625 0.22816264999999997 0.38989290468750004 0.23908132499999998
0 0.4059571625 0.26957831250000003 0.4123159296875 0.26524849375000004 0.414658634375 0.2618599390625 0.408299865625 0.25978915625 0.4026104421875 0.26487198749999996 0.39022757656249996 0.27334337343750004 0.393239625 0.274849396875 0.4059571625 0.26957831250000003
0 0.5053547515625 0.33753764999999997 0.515060240625 0.3362198796875 0.5297858093750001 0.32379518125 0.5267737609375 0.32097138593749996 0.5227576968750001 0.3200301203125 0.501004015625 0.33527861406250004 0.5053547515625 0.33753764999999997
0 0.47255689375000004 0.41603915625 0.4748995984375 0.41792168749999997 0.5528781796875 0.41020331250000003 0.557228915625 0.41057981874999994 0.550535475 0.402108434375 0.5331325296875 0.3721762046875 0.5317938421874999 0.36596385468750003 0.528447121875 0.3669051203125 0.45682730937500005 0.3874246984375 0.457831325 0.39137801250000004 0.4611780453125 0.399849396875 0.47255689375000004 0.41603915625
0 0.5475234265625 0.3960843375 0.5528781796875 0.40436747031250003 0.556559571875 0.40832078281250006 0.5612449796875 0.40737951875 0.564257028125 0.40945030156250006 0.5659303875 0.40662650625 0.5599062921875 0.3940135546875 0.5535475234375 0.38271837343750004 0.5461847390625 0.370858434375 0.542503346875 0.36389307187500003 0.5378179390625 0.364081325 0.53714859375 0.36615210781249996 0.5327978578125 0.36709337343750004 0.534136546875 0.3734939765625 0.5475234265625 0.3960843375
0 0.47222222187499996 0.45124247031250003 0.48025434999999994 0.44710090312500006 0.48025434999999994 0.43185240937499997 0.4755689421875 0.431099396875 0.4705488625 0.43260542187500006 0.4692101734375 0.44691264999999997 0.47222222187499996 0.45124247031250003
0 0.5977242296874999 0.594314759375 0.6305220890625 0.5901731921875 0.628179384375 0.583772590625 0.5940428375 0.5877259031250001 0.5853413656249999 0.5877259031250001 0.586680053125 0.5941265062500001 0.5977242296874999 0.594314759375
0 0.5622489953125 0.6547439765624999 0.577643909375 0.6479668671875001 0.5732931734375 0.64646084375 0.5528781796875 0.6430722890625 0.5240963859375001 0.63554216875 0.5153949124999999 0.6323418671875001 0.5073627843749999 0.6378012046875 0.5374832656249999 0.6483433734374999 0.5622489953125 0.6547439765624999
0 0.86445783125 0.7277861453125001 0.892904953125 0.7061370484375 0.8811914328125001 0.7008659640625 0.8537483265624999 0.7219503015625001 0.8524096390624999 0.7264683734374999 0.8544176703125 0.7309864453125 0.86445783125 0.7277861453125001
0 0.2690763046875 0.4465361453125 0.27878179375 0.4465361453125 0.2814591703125 0.4444653609375 0.2737617140625 0.43505271093750003 0.27041499375 0.4299698796875 0.263721553125 0.4303463859375 0.2593708171875 0.432228915625 0.2690763046875 0.4465361453125
0 0.2513386875 0.39363704843749997 0.255689425 0.39457831250000003 0.2597054890625 0.3923192765625 0.25769745624999996 0.38968373437500003 0.23761713593749997 0.38290662656249996 0.2309236953125 0.384600903125 0.23025435 0.38704819218750003 0.2513386875 0.39363704843749997
0 0.4601740296875 0.55628765 0.48025434999999994 0.55195783125 0.4765729578125 0.5466867468750001 0.46653279843749995 0.546875 0.4380856765625 0.552522590625 0.443440428125 0.5598644578124999 0.4601740296875 0.55628765
0 0.49397590312500006 0.4919051203125 0.513052209375 0.48738704843749997 0.5103748328125 0.48305722968750003 0.48862115156249997 0.488516565625 0.4692101734375 0.4922816265625 0.47255689375000004 0.49642319218750003 0.49397590312500006 0.4919051203125
0 0.5836680046875 0.7217620484375 0.60107095 0.7227033125 0.621151271875 0.7230798187499999 0.6522757703125001 0.7221385546875 0.64825970625 0.698983434375 0.6455823296875 0.6873117468750001 0.6378848734375 0.6773343374999999 0.62985274375 0.6690512046875 0.6114457828125001 0.65512048125 0.593038821875 0.6428840359375 0.51338688125 0.677146084375 0.5374832656249999 0.7185617468750001 0.5518741640625 0.7196912656250001 0.5836680046875 0.7217620484375
0 0.6743641234375 0.745481928125 0.6596385546875 0.7533885546875 0.6760374828125 0.7571536140624999 0.6967871484375 0.7567771078125001 0.722222221875 0.75 0.73661311875 0.7460466875 0.7446452484375 0.7411521078125001 0.7530120484375 0.739646084375 0.7449799203125 0.7294804218750001 0.7235609109375 0.7339984937499999 0.7121820609375 0.7353162656250001 0.6967871484375 0.74058735 0.6743641234375 0.745481928125
0 0.9487951812500001 0.9036144578125 0.956157965625 0.906061746875 0.9688755015625 0.9047439765625 0.9889558234375 0.907191265625 0.9876171359375 0.9024849390625 0.9933065593749999 0.9019201812500001 0.9896251671874999 0.8913780125 0.9397590359375 0.8881777109375 0.922356090625 0.889683734375 0.9290495312499999 0.9024849390625 0.9380856765625 0.9032379515625 0.9487951812500001 0.9036144578125
0 0.62851405625 0.64646084375 0.6311914328125 0.6278237953125 0.6194779109375 0.6266942765625 0.6094377515625 0.6374246984374999 0.6050870140625 0.6487198796875 0.614792503125 0.652108434375 0.62851405625 0.64646084375
0 0.7262382859375001 0.978727409375 0.71419009375 0.967808734375 0.662650603125 0.990022590625 0.6753681390625 0.999811746875 0.6904283796875 0.9922816265625001 0.7262382859375001 0.978727409375
0 0.6924364125 0.9256400609375 0.7034805890625 0.9109563250000001 0.6716867468750001 0.9013554218750001 0.6680053546875 0.9086972890625 0.6730254343750001 0.9201807234375 0.6924364125 0.9256400609375
0 0.5304551546875 0.60824548125 0.558567603125 0.598456325 0.5602409640625 0.593185240625 0.534136546875 0.598268071875 0.52878179375 0.5997740968749999 0.5251004015625 0.6050451812500001 0.5304551546875 0.60824548125
0 0.2961847390625 0.10655120468749998 0.27242302500000004 0.10598644531250001 0.272088353125 0.109563253125 0.2961847390625 0.10899849375 0.2961847390625 0.10655120468749998
0 0.6589692109375 0.9804216875 0.6137884875 0.983810240625 0.6181392234375 0.999058734375 0.66566265 0.999058734375 0.6589692109375 0.9804216875