0 0.30838331874999997 0.8168030921874999 0.3200258046875 0.8322423156250001 0.34729169843749996 0.8387636640625 0.4181633546875 0.8168854921875001 0.48390819374999994 0.7912507015625 0.47685400624999996 0.7837882640625 0.4633115265625 0.7740309703125 0.446288146875 0.7660338828125 0.30838331874999997 0.8168030921874999
0 0.3979119078125 0.511786259375 0.42232481875000005 0.5180409140625 0.45074901718750005 0.51811580625 0.4782689875 0.513438403125 0.5006783953125 0.5054031609375 0.5194606203125 0.49553914218750006 0.52991956875 0.490657296875 0.5278621671875 0.4837612671875 0.526711140625 0.46423775 0.5139398640625 0.44725295468750004 0.49070151093750003 0.43495061875 0.45805985781249997 0.42728120937499997 0.43317344531249996 0.426841828125 0.4029955375 0.43603784843750004 0.38416455156249996 0.4447055390625 0.3647980421875 0.4663829828125 0.3630148171875 0.483645925 0.3663960515625 0.49687284062500003 0.3979119078125 0.511786259375
0 0.0953616125 0.610973971875 0.0541092484375 0.5925185703125 0.0404020890625 0.5961532921875 0.03401944375 0.596450478125 0.019660840625000002 0.6276833015625 0.08555281406250001 0.6318068593749999 0.0953616125 0.610973971875
0 0.9860652156249999 0.64721056875 0.9811334437499999 0.6482392640625 0.9697458843750001 0.647770653125 0.96770773125 0.650062984375 0.978104659375 0.6523756171875 0.99009575 0.6502191625 0.9860652156249999 0.64721056875
0 0.9117062593749999 0.5573819140625 0.9009902406249999 0.564672925 0.905689325 0.566651559375 0.9139232046875 0.5594761203124999 0.9179212328125 0.5616871640625 0.9217567234375 0.5599104453125 0.911719521875 0.5489911078125 0.9086501015625 0.5521305187500001 0.9117062593749999 0.5573819140625
0 0.9024689265625 0.5050736812500001 0.9126169125000001 0.50999486875 0.9261238921875 0.5101650281250001 0.9275717703125 0.50210695625 0.9230322328125 0.4953265 0.9024689265625 0.5050736812500001
0 0.9632255421875 0.40935336875 0.9909017812500001 0.40850991406250003 0.990752478125 0.4048468703125 0.9722986328125 0.40533511562499996 0.9597335234375001 0.40212460625 0.9559793031250001 0.40589520312499994 0.9632255421875 0.40935336875
0 0.9778728687499999 0.35033956875 0.9777347109375001 0.3469499734375 0.98440693125 0.34504117343749996 0.9883446859375 0.34577342031249997 0.9881787624999999 0.34170258124999997 0.9832050000000001 0.34170110625 0.9762513296875 0.3454209109375 0.9713845750000001 0.3480447125 0.9728059328124999 0.3567682515625 0.9830484484375 0.3552925140625 0.9778728687499999 0.35033956875
0 0.9342397328125 0.3693513421875 0.92767016875 0.365062603125 0.9205458359375 0.3645952578125 0.9117623187499999 0.367001896875 0.9053176515624999 0.3744935609375 0.905455809375 0.37788315781250004 0.9164643953124999 0.3777701140625 0.9187921234375 0.37386616875 0.9244005703125 0.37200690000000003 0.9308238515625 0.3727066546875 0.9342397328125 0.3693513421875
0 0.8754464453124999 0.24303973750000002 0.886536303125 0.244920571875 0.8978425921875001 0.24339529999999998 0.908350303125 0.239709784375 0.92439331875 0.232370503125 0.9285021312499999 0.2285833953125 0.920224625 0.22597231093749998 0.9055512140624999 0.23204922187500002 0.8945913890625 0.2333585953125 0.885832253125 0.236363396875 0.8806759203125001 0.24059881249999998 0.8723984171874999 0.23798772812500002 0.8703683921875 0.2404794484375 0.8754464453124999 0.24303973750000002
0 0.4928252609375 0.06867986875 0.5096831093749999 0.06389961250000001 0.5176843 0.059731503124999995 0.5228568859375 0.05589486406250001 0.5305197390624999 0.0521420390625 0.520558671875 0.051806776562500004 0.5106921359375 0.0450745875 0.5007066890625 0.044141159375 0.491915046875 0.046348409374999996 0.48959843750000004 0.059241326562499995 0.4963844359375 0.0601239578125 0.5055794312499999 0.059096525 0.50214729375 0.0620530609375 0.49193728593749997 0.064326353125 0.4928252609375 0.06867986875
0 0.433809946875 0.1896894390625 0.43410465625 0.17948763125 0.43026403281250003 0.1898545421875 0.433809946875 0.1896894390625
0 0.459510778125 0.0967999765625 0.458189934375 0.09925867499999999 0.46288901875 0.101237309375 0.463793246875 0.1059896015625 0.468708765625 0.10456212812500001 0.46849746562499994 0.099378040625 0.459510778125 0.0967999765625
0 0.28312359531250003 0.0750478734375 0.28229251093749996 0.072090075 0.2752982046875 0.0748129375 0.26819825 0.07494375625000001 0.268084475 0.0721523234375 0.2688963125 0.0659217640625 0.2592004421875 0.0633767234375 0.25823419062499997 0.065818909375 0.26437602031249996 0.0683296671875 0.263144575 0.0729816328125 0.2557712984375 0.07512284218750001 0.262638565625 0.0779993546875 0.2715358578125 0.0783841484375 0.28312359531250003 0.0750478734375
0 0.29028557187500004 0.067722578125 0.2882931875 0.062421653125 0.2834559484375 0.057053420312500006 0.2837891515625 0.0652283296875 0.2864744640625 0.070097459375 0.297258490625 0.0731911328125 0.29028557187500004 0.067722578125
0 0.009612496875 0.7733813625 0.0048757703125000005 0.7791953703125001 0.006667975 0.788301178125 0.0145827609375 0.790729384375 0.0175790375 0.7857954781250001 0.012774303125 0.7812248015625001 0.015762453125 0.7760915078124999 0.028849826562500003 0.7746830734375 0.0273014296875 0.77155890625 0.009612496875 0.7733813625
0 0.0089054546875 0.7560346046875 0.0040094421875 0.7579406078125001 0.004740321875 0.7758722375 0.0094662109375 0.769792378125 0.006658995312500001 0.761932428125 0.012927862500000002 0.758843809375 0.0089054546875 0.7560346046875
0 0.7117945812500001 0.4640101671875 0.714720709375 0.466071353125 0.7231740125 0.4642793890625 0.7285822796875 0.46622500312500004 0.728398353125 0.4704286609375 0.7282388078124999 0.47523048437500004 0.7315195265625001 0.477275159375 0.7400703531249999 0.477875853125 0.743004609375 0.480136425 0.7501370703125 0.480803159375 0.7467750828125 0.476764603125 0.7529383015625 0.471083940625 0.7509215359375 0.4651848515625 0.745358859375 0.45945086562500004 0.7465496703125 0.45380195937499995 0.7400044875 0.4501113859375 0.7356629875 0.45690582500000004 0.7241158828125001 0.4612390390625 0.7117945812500001 0.4640101671875
0 0.75808010625 0.3531821046875 0.75073634375 0.34733128281250003 0.7504681578125 0.340751478125 0.75416848125 0.3443747453125 0.757979590625 0.3419998640625 0.75497219375 0.3379447984375 0.7575894984375 0.3324292390625 0.757418834375 0.328242090625 0.752116215625 0.328888521875 0.7473957437500001 0.33510130781249997 0.7389912015625 0.3380896 0.7370424453125 0.3425751984375 0.739735884375 0.3476437140625 0.7463704640625 0.3535275578125 0.75808010625 0.3531821046875
0 0.786683096875 0.3576435296875 0.7764354484375 0.36770946718749997 0.7780813671875 0.3732262890625 0.78316755 0.37598596562500003 0.786664703125 0.374624534375 0.7811507859375 0.37008687500000004 0.79000445 0.3606851453125 0.80473475 0.356003953125 0.8038955375000001 0.35284676406250004 0.786683096875 0.3576435296875
0 0.5946844812500001 0.3799676359375 0.605094665625 0.3738894609375 0.6052379593749999 0.3686888625 0.6113442890624999 0.36161248437500004 0.61531494375 0.3544357796875 0.5975691203125 0.3548625203125 0.587822346875 0.368500928125 0.5946844812500001 0.3799676359375
0 0.6055938390625 0.3251232109375 0.6003968734375 0.3283616859375 0.6075567078125 0.3384161671875 0.61064238125 0.3356755296875 0.6058132656249999 0.3305066875 0.6078189109375 0.3274168046875 0.6149920078125 0.3290804796875 0.6185002796875 0.33670801875 0.6252944031250001 0.3377900390625 0.6199319078125 0.3282511703125 0.611259175 0.32465965625000004 0.6055938390625 0.3251232109375
0 0.346216434375 0.4027236140625 0.3384885671875 0.404881334375 0.345461484375 0.41034989218750006 0.34087104375 0.41975288437499997 0.34800350625 0.42041961875 0.3539960578125 0.41055180625 0.346216434375 0.4027236140625
0 0.40480655 0.5240505203125 0.40036453437499997 0.5196627203124999 0.38560985312499996 0.5237457484375 0.39399814375000003 0.5203586812500001 0.3899919875 0.51794825 0.375608153125 0.522413546875 0.368838409375 0.5219296921875001 0.36510856875000003 0.5262984515625 0.3733129328125 0.5271150453125 0.38252418125 0.5264863859375 0.3892776703125 0.526571465625 0.3991493421875 0.5247134609375 0.3957822203125 0.5292651015625001 0.3841619734375 0.531803821875 0.378924371875 0.5340453578125001 0.38509058125 0.5371542796875 0.3901819 0.531323759375 0.3956308 0.5342663109375 0.398708346875 0.5313262859375001 0.40480655 0.5240505203125
0 0.515140459375 0.8253549046875 0.524094640625 0.8271354140625 0.5267230656249999 0.8306088265625 0.5383758203125 0.8288676578124999 0.5565981390625 0.8314152281249999 0.5563868375000001 0.8262311375 0.5353684234375 0.8248125906249999 0.5164287953125 0.8220986531250001 0.515140459375 0.8253549046875
0 0.0774109109375 0.554077284375 0.0635005765625 0.5527273078125 0.0633897953125 0.558725459375 0.0800555890625 0.5579494734375 0.0774109109375 0.554077284375