0 0.4991287921875 0.2318526875 0.5029506890625 0.228874840625 0.510801190625 0.187406334375 0.4736588640625 0.21048135937499998 0.396274090625 0.25444904375 0.1478174203125 0.39433900781250003 0.151852334375 0.41418437968750005 0.24504784375000002 0.5061076171875001 0.346610428125 0.5866557265625 0.45767652031250006 0.5200107593750001 0.6364088046874999 0.41528138906249995 0.66115065 0.3834769015625 0.6612200578125 0.3715528921875 0.4991287921875 0.2318526875
0 0.5487458078125 0.2641783640625 0.5619616140625 0.25167612031250003 0.563760015625 0.239812459375 0.5470497359375 0.19904233124999998 0.5176447468750001 0.2000901671875 0.5071711921875 0.216836446875 0.509455990625 0.2402505171875 0.5383642921875 0.26511236875 0.5487458078125 0.2641783640625
0 0.5619540703125 0.2529722109375 0.56467066875 0.26162294531249997 0.5739966812499999 0.26376334375 0.6016621125 0.26446968125 0.65871895 0.2664611390625 0.6750152593750001 0.2595110921875 0.6757883359375 0.24553748125000002 0.6738176546875 0.2275790484375 0.6600505734375 0.215949915625 0.5624567890625001 0.2260256484375 0.5637554890625001 0.2405901125 0.5619540703125 0.2529722109375
0 0.6186077734375 0.264801865625 0.572948721875 0.265541659375 0.55773205625 0.265269821875 0.5528984125 0.2638047609375 0.5538558421875 0.277579503125 0.5635246359375 0.28025040625000003 0.5773460328125 0.2825477078125 0.5956416953125 0.28863095625 0.652564246875 0.3136927796875 0.661222803125 0.31166155624999997 0.66650031875 0.2962895421875 0.6655911734375 0.2742198375 0.647994653125 0.2668646390625 0.6186077734375 0.264801865625
0 0.6572530390625 0.34004272812499997 0.6608045796875001 0.32409193125 0.6563514390625 0.3166769359375 0.5980532359375 0.290270746875 0.578039140625 0.2823126265625 0.5687040765625 0.281727534375 0.5651781859375 0.2932716328125 0.6367845078125 0.3507362078125 0.64818833125 0.352430584375 0.6572530390625 0.34004272812499997
0 0.74209121875 0.26340786875 0.7390270375 0.19563138124999999 0.7255740703125 0.189457884375 0.6819913234375 0.1900108765625 0.6739851359375 0.19880589531249998 0.675999846875 0.2686199171875 0.685623375 0.279067346875 0.7350862140625 0.27846031875 0.74209121875 0.26340786875
0 0.8389599375 0.19963788437500002 0.8327883640625 0.1903480171875 0.8162232062499999 0.18406589843750001 0.7390451437500001 0.19252076875 0.743262903125 0.24037370937500002 0.8228630671875001 0.23174410625 0.839512721875 0.223510040625 0.8413065968750001 0.21242403125 0.8389599375 0.19963788437500002
0 0.7465156890625 0.27574799843750003 0.7436964890625 0.2847240578125 0.7481134140625 0.2983602765625 0.7563658171875 0.3066856890625 0.76256153125 0.31182807343749996 0.781577459375 0.3130103265625 0.8661183953125 0.287441334375 0.867945465625 0.2706525375 0.8597353109375 0.2550690328125 0.844917253125 0.2457366484375 0.8355776609375001 0.24592920937499999 0.75382424375 0.2679657109375 0.7465156890625 0.27574799843750003
0 0.766046953125 0.3666557515625 0.7639133140625 0.3766928203125 0.7676642921875 0.3858982 0.7772908375 0.3958271953125 0.7907377703125 0.4030375609375 0.8069842875000001 0.40464169375000003 0.8163540578124999 0.39926478125 0.8819816640625 0.3548867375 0.8813579656250001 0.34319780781250003 0.8727959765625 0.328639103125 0.861052390625 0.325895784375 0.848280459375 0.32156094999999996 0.8323571062499999 0.32385715 0.766046953125 0.3666557515625
0 0.7103989609375 0.36030587187499996 0.7338680296875 0.3689031203125 0.7546733062500001 0.35977701875 0.764763340625 0.34949911093749997 0.7682801765625 0.33951031875000004 0.726423134375 0.2812691921875 0.6932279343750001 0.279851309375 0.676925590625 0.2878382265625 0.670637834375 0.29850811718750003 0.7103989609375 0.36030587187499996
0 0.6956608734375 0.33723495625 0.6832619 0.3282462734375 0.6687353234375 0.32825779375 0.660424075 0.3300418671875 0.6579386015625001 0.3411037375 0.64818833125 0.352430584375 0.6371348328125 0.3499706234375 0.6619131640625 0.3713178125 0.6618482828125 0.38246416875 0.6562641984375001 0.39108445625 0.66893201875 0.41330530468750004 0.677894125 0.4185442453125 0.696216946875 0.41996157656250005 0.714237725 0.4138495296875 0.7295072015625 0.4050487515625 0.73163933125 0.3952709 0.6956608734375 0.33723495625
0 0.5870835421875 0.451672515625 0.542262721875 0.48666523906250003 0.520412503125 0.4970512203125 0.5148193640625001 0.5072268140625 0.5209833921875 0.5178127671875 0.5375078125 0.5310937640625 0.5533798625 0.5376109625 0.5641298078125 0.5328007625 0.5717479484375 0.5312517671875 0.6085942703125 0.49961049375 0.6398052046875 0.48540290468749997 0.6319483921875 0.4685353796875 0.6168026421875 0.45608031562500007 0.5988452359374999 0.4513052234375 0.5870835421875 0.451672515625
0 0.82196611875 0.564097278125 0.8303678968750001 0.546760146875 0.8339465953125 0.5261434328125 0.827409609375 0.5202113265625 0.73241144375 0.5003023046874999 0.71302859375 0.502737028125 0.701741221875 0.54045579375 0.7155249 0.5492335328125 0.8119092796875 0.5686723984375 0.82196611875 0.564097278125
0 0.42867822968749997 0.6294477640625 0.43047663125 0.617584103125 0.4246267171875 0.6124537875 0.410850584375 0.602379959375 0.3710942578125 0.5991774484375 0.3445341234375 0.5868425296875001 0.328334378125 0.5772026484375 0.3152000515625 0.5757071390624999 0.307205934375 0.5824284171875 0.29674294218749997 0.597360171875 0.29492190625000003 0.6131121 0.3028375625 0.6198701359375 0.3187065953125 0.6269057703125 0.34599152499999997 0.63356204375 0.3836549484375 0.6398027453124999 0.3874059296875 0.6490081265625001 0.3946480953125 0.6526314140625 0.40952650625000003 0.65159509375 0.422023553125 0.6437346296875 0.42867822968749997 0.6294477640625
0 0.354212240625 0.647331025 0.339069509375 0.6343575265625 0.3200837578125 0.62799091875 0.310421 0.6242831468750001 0.27885521406249997 0.6400339703125 0.2404763203125 0.697289509375 0.24629605937500001 0.7076041765625 0.257317871875 0.715507709375 0.2572846765625 0.721210496875 0.26245808125000003 0.723724496875 0.274565575 0.7233692734375 0.29147955 0.729145028125 0.297030440625 0.726227528125 0.30951089062500003 0.721218459375 0.320692640625 0.7016449265625 0.341174753125 0.6886184890625 0.3603355296875 0.66491585625 0.354212240625 0.647331025
0 0.383939975 0.8879343359374999 0.3652125109375 0.8966144203124999 0.3650948203125 0.9168333921875 0.36913878906250003 0.935123459375 0.37875326249999997 0.9471261953125 0.39016764843749996 0.94700605 0.40191576093750003 0.9489717171875001 0.502281975 0.9379556687499999 0.51445585625 0.9261948703125 0.515558134375 0.915084721875 0.5111713828125 0.896264153125 0.4994987109375 0.88133760625 0.484650478125 0.877189575 0.383939975 0.8879343359374999
0 0.2645313671875 0.7240561328124999 0.2738830296875 0.721789828125 0.2805090375 0.7124280984375 0.274997378125 0.7086059390624999 0.26461888125 0.7090215109375 0.25694793125 0.719643121875 0.2645313671875 0.7240561328124999
0 0.5403315390625 0.5213400515625 0.5369022171875 0.5162942234375001 0.53035466875 0.5121766390625 0.5306778359375001 0.5160769734375 0.537207278125 0.5233051671875 0.5403315390625 0.5213400515625
0 0.7570996625 0.2994517359375 0.7609321203125 0.29465936406250004 0.755438565625 0.2877265953125 0.7474444484375 0.2944478734375 0.7570996625 0.2994517359375
0 0.4244622515625 0.64070850625 0.4296401859375 0.6424448515625001 0.433475659375 0.637134046875 0.43074095312500005 0.631593921875 0.4244622515625 0.64070850625