0 0.7092448671875 0.16710948125 0.71222125 0.1643953640625 0.715797759375 0.1612216265625 0.7184862015625 0.158945321875 0.721726275 0.15537739687500002 0.7216535281249999 0.1541294015625 0.720741215625 0.1546108375 0.7197076546875001 0.15301228125 0.71631904375 0.14865442499999998 0.7118241249999999 0.14145001875000002 0.7067351765625001 0.1455648171875 0.704959046875 0.147359684375 0.703519353125 0.1495487390625 0.7050105921875 0.153621471875 0.7069352624999999 0.159752384375 0.708523496875 0.16548911093750002 0.7092448671875 0.16710948125
0 0.5452935375 0.726159778125 0.5526254390625 0.7390136609375 0.553034621875 0.7406558421875 0.55344380625 0.7422980234375001 0.5553411796875001 0.742583146875 0.557741684375 0.7407446546875 0.5595178140625 0.738949784375 0.5621092640625001 0.7350094875 0.564100584375 0.7315288125 0.565203840625 0.7289455734375 0.5650340984375 0.7260335828125 0.5640732875000001 0.7256830234375 0.562776040625 0.7249382765625 0.5518676296875 0.7152581312499999 0.55059463125 0.7149293828125 0.5490821921875 0.7158704421875 0.54617855625 0.719832553125 0.54514804375 0.7236637875 0.5452935375 0.726159778125
0 0 0.6123341078125 0.01330729375 0.6016825921875 0.023533689062499998 0.5942849921875 0.050709109375000005 0.5765139265625 0.0594715625 0.5708893828125 0.051584984375 0.5538973281249999 0.033526473437499996 0.5129721218750001 0.024115396875 0.518224290625 0.0051507984375000005 0.531662434375 0 0.535338934375 0 0.6123341078125
0 0.151867278125 0.6717807015624999 0.15326761718749998 0.685049025 0.1570138671875 0.6847872734375 0.1556135296875 0.6715189515625 0.151867278125 0.6717807015624999
0 0.144083790625 0.667312221875 0.1470540796875 0.653738525 0.14508395937500002 0.65220540625 0.1415377953125 0.666654725 0.144083790625 0.667312221875
0 0.1358214234375 0.6653833578125 0.140040459375 0.6517224109375 0.13619721406250002 0.6503201671875 0.133226928125 0.663893865625 0.1358214234375 0.6653833578125
0 0.13235396875 0.6489179234375 0.131062815625 0.6590327593749999 0.1336088140625 0.65969025625 0.13552434062500002 0.6495317953125 0.13235396875 0.6489179234375
0 0.1351302640625 0.6320162390624999 0.1405980515625 0.6182680421875 0.1373791796875 0.6168221734375 0.13195989218749998 0.63140236875 0.1351302640625 0.6320162390624999
0 0.20137470937500002 0.6499431437500001 0.2089581109375 0.6402240546875 0.2063151171875 0.6379025640625 0.19868321718749998 0.64678965625 0.20137470937500002 0.6499431437500001
0 0.24080124062500002 0.637999175 0.24652370625 0.6501301265625 0.2495000890625 0.6474160109375 0.24113462812500003 0.6329635703125 0.24080124062500002 0.637999175
0 0.27203854375000003 0.75444133125 0.276215178125 0.75080796875 0.2809676890625 0.746298984375 0.27952495 0.7430582484375 0.27529981718749996 0.7458596140625 0.26997142812499997 0.7512442203125 0.27203854375000003 0.75444133125
0 0.484283665625 0.7496363953125 0.47486954218750005 0.749458775 0.4744876546875 0.753662384375 0.48510203125 0.7529207578125 0.484283665625 0.7496363953125
0 0.23998896875 0.6455743968750001 0.23586083124999999 0.6500397546875 0.23677619375 0.6549881109375 0.241480209375 0.6496471296874999 0.23998896875 0.6455743968750001