0 0.35853370625 0.4379991171875 0.3800908125 0.44197444218750004 0.45328154062500003 0.4323905609375 0.44829068124999993 0.41918770937499994 0.435354315625 0.40837822968750004 0.42709997343749995 0.4051317 0.4018116734375 0.40651768437499997 0.3532826515625 0.4111654546875 0.3412330734375 0.41753691093749995 0.31896101875 0.41826359062499996 0.31497610625 0.421458003125 0.2942198734375 0.42372214374999995 0.27302672499999997 0.4288597296875 0.282295934375 0.44077384375 0.3272129203125 0.44070371406250003 0.34981813125 0.44162148749999997 0.35853370625 0.4379991171875
0 0.561413175 0.476839459375 0.5346179734375001 0.4689582984375 0.5171406203125 0.46500034687499997 0.4986946 0.46357750312499996 0.4794874296875 0.4556539703125 0.40410808437499995 0.44894757343749997 0.39531307031249996 0.4530923875 0.3920163484375 0.4747738453125 0.4111684015625 0.4792243703125 0.436313221875 0.4826175046875 0.452259353125 0.481303765625 0.4947469671875 0.4857042890625 0.5155826390625 0.48291770312500004 0.53651315 0.48334290312499995 0.5619360078125 0.48490748124999994 0.561413175 0.476839459375
0 0.2824150921875 0.43999017656249995 0.3044488296875 0.44083083125 0.299274771875 0.43266832343750006 0.28990180312499997 0.42527210625 0.2712328640625 0.4291508265625 0.2824150921875 0.43999017656249995
0 0.52333686875 0.42424965312499996 0.530821140625 0.4287251796875 0.5270477828125 0.45354130625 0.5510496578125 0.4567802078125 0.56993259375 0.45532960625 0.57209285 0.4449578265625 0.5817154953125 0.4238634296875 0.56327839375 0.4147109015625 0.5292194 0.4162462484375 0.52333686875 0.42424965312499996
0 0.624804540625 0.5048542312500001 0.6334074390625 0.5134794421875 0.655933209375 0.5149196593750001 0.6599975625 0.5112028015625001 0.67714175625 0.5135163015625 0.6829294499999999 0.5023011125 0.6750171828125 0.49296935 0.6606906343750001 0.491302653125 0.6538329546874999 0.49037725312499997 0.6509999093750001 0.48599621718749997 0.658040784375 0.481881275 0.664302671875 0.4867250125 0.6982733078125001 0.49344179375 0.7121718609375 0.49025225156249996 0.7036484046875 0.481104596875 0.694926346875 0.4732630515625 0.667257315625 0.4711287859375 0.647207115625 0.47642060624999993 0.636022446875 0.4847748515625 0.6245994625 0.49469642968749994 0.624804540625 0.5048542312500001
0 0.7911103953125 0.8455954125 0.8126674968750001 0.8495707359375 0.8535598515625 0.8529562437499999 0.8702120140625 0.8546701828125001 0.88970614375 0.8530354750000001 0.8954054734374999 0.8500724125 0.888691275 0.8443678921875 0.861697475 0.8377928421874999 0.8324421031250001 0.8269138765624999 0.8172992828125001 0.8152734859375 0.8104748453124999 0.8026229515625 0.8184049515625 0.7964953453125 0.8410409624999999 0.8048815781249999 0.8539773281249999 0.81569105625 0.8615231968750001 0.8351035031249999 0.8809135687499999 0.8379866937499999 0.8942649687499999 0.8307245828125 0.9181476843749999 0.8347471515624999 0.944459771875 0.8342990671875 0.9478025999999999 0.8314919328125001 0.9489998015625 0.82361831875 0.919094475 0.8170139015625001 0.90252175 0.8147775171875 0.8914100421875 0.811145403125 0.883727175 0.807975990625 0.8646148421875001 0.8032642437499999 0.8509481234375 0.7934225374999999 0.8499486578125 0.788489184375 0.8433292937499999 0.7859964500000001 0.8275817625 0.7860040781250001 0.8242169640625001 0.7812847046875 0.806048978125 0.7780332999999999 0.8126440203125 0.7845214890625 0.794204478125 0.7945625578125 0.7737238421875 0.8141917359375 0.7659526140625 0.8192744515625 0.7911103953125 0.8455954125
0 0.08529150468749999 0.8273918921875 0.090370725 0.8323426171874999 0.1570280140625 0.8312074703125001 0.08529150468749999 0.8273918921875
0 0.26166106875 0.48730702187499997 0.258009921875 0.48734748906250003 0.259065728125 0.4861570515625 0.24896240781249998 0.47972860937500006 0.23329431406249998 0.4792137921875 0.2307060671875 0.48472933593749995 0.2315069359375 0.4909688 0.226418796875 0.49374775625 0.24022899375 0.49881034375000005 0.2583021375 0.4988499609375 0.27265300625 0.4965212015625 0.269447084375 0.49075693749999993 0.26166106875 0.48730702187499997
0 0.5362698671875 0.7112379343749999 0.61542660625 0.7237857109375 0.6193717999999999 0.72085251875 0.5359610328125 0.7055980296875 0.5362698671875 0.7112379343749999
0 0.3528327765625 0.3911110765625 0.342934534375 0.394840434375 0.336663728125 0.39772638125 0.33519410625 0.407391609375 0.34683756718750003 0.4113620625 0.36033892500000003 0.41078474375 0.427711165625 0.4049475953125 0.4366164203125 0.40774879531249997 0.44833040156250004 0.41892648593750004 0.45371845625 0.42951711562500006 0.47313314531249995 0.42840485156249997 0.491603484375 0.42583224375000006 0.5039618984375 0.42510069531249994 0.5014466078125001 0.41862987812499997 0.49627255000000003 0.4104673671875 0.4925194734375 0.400630534375 0.48971075 0.39225404531249997 0.49102149375000004 0.38363370625000004 0.48103733281250005 0.376421596875 0.46086149218749994 0.371033171875 0.444368209375 0.3682743421875 0.40695981249999996 0.36882454375 0.39282294218749997 0.37358142031249997 0.3736133296875 0.384851484375 0.3701204515625 0.3886454578125 0.36511174999999996 0.39090197031249996 0.3528327765625 0.3911110765625
0 0.43122668124999997 0.535247565625 0.43782172187499996 0.54173575625 0.44762512499999996 0.5347946109375 0.44757000625 0.531321603125 0.42569514843749995 0.5294360593749999 0.43122668124999997 0.535247565625