0 0.227284503125 0.748456353125 0.23009194375000003 0.7545525125 0.249768096875 0.732000853125 0.24531797812499997 0.7310212234375 0.227284503125 0.748456353125
0 0.9023143453125 0.9050074406249999 0.895702984375 0.9065766546875 0.8956286890625 0.9553982578125 0.9012036999999999 0.9583176078125 0.9138200937500001 0.955807146875 0.9113318609375 0.9059138125 0.9023143453125 0.9050074406249999
0 0.8490580515625 0.14796030625 0.8655860640625 0.139225303125 0.8582974328124999 0.1107588796875 0.8482811046875 0.0947422390625 0.8391175750000001 0.1023699328125 0.8448800265624999 0.125276059375 0.8476571765625 0.11960552499999999 0.8519605015625 0.1194952859375 0.8478541953125 0.13709857812499998 0.8490580515625 0.14796030625
0 0.3344981078125 0.045960771875 0.33140725937500004 0.0057847359374999996 0.31879675937499996 0.00556461875 0.32124587187500003 0.046956437499999996 0.3344981078125 0.045960771875
0 0.40829000625 0.28156338125 0.413845859375 0.28947018125 0.414666809375 0.282099946875 0.41019675468749994 0.27648383125 0.40829000625 0.28156338125
0 0.5834945546875 0.2832869140625 0.5847375031250001 0.293797678125 0.589480428125 0.28733311562499997 0.589538678125 0.2819947015625 0.5834945546875 0.2832869140625
0 0.6241294374999999 0.37594828125 0.6257330234375 0.37118271406250003 0.6171646859375 0.36142829375 0.6027596 0.37758935312499997 0.6142526593750001 0.39238704062499996 0.6241294374999999 0.37594828125
0 0.7049639796875 0.3797831140625 0.6979026640625 0.38057644062499996 0.7020208828125 0.389351228125 0.7049639796875 0.3797831140625
0 0.8158777468749999 0.079867784375 0.8108707515625 0.0862953671875 0.8154094109375001 0.09370328125 0.82000554375 0.08614884687499999 0.8158777468749999 0.079867784375
0 0.9552281671875 0.20845238593749998 0.9363028015625 0.20259414531250003 0.9317465390624999 0.21942155156249998 0.9279058609374999 0.25630969531250003 0.93714835625 0.2576040109375 0.9403260109374999 0.245930115625 0.9536261406250001 0.23246582500000001 0.9580451875 0.2120548234375 0.9552281671875 0.20845238593749998
0 0.26265425 0.6789139703125 0.25590645156249997 0.6865235249999999 0.2607283421875 0.6889809703124999 0.26906056718750004 0.681593296875 0.26265425 0.6789139703125
0 0.6608024765625 0.45843100625 0.662482690625 0.433715640625 0.6564872359375 0.4321631640625 0.62984633125 0.4401948390625 0.597924778125 0.45711084062499996 0.5993823500000001 0.46087933750000004 0.62243395625 0.4537707703125 0.6179574359375 0.4891441203125 0.6186427265625001 0.4974381640625 0.6217326203125 0.4889599203125 0.62837038125 0.45103772500000006 0.6586197421875 0.43709549374999995 0.653106871875 0.4769574078125 0.6232779546875 0.48953276562500003 0.6210584609375001 0.4974200234375 0.659689496875 0.48286936718750006 0.661713521875 0.4767369265625 0.6582415046875 0.47660714375 0.6608024765625 0.45843100625
0 0.941264534375 0.4830928265625 0.9438469968750001 0.48880104218750003 0.9408257109375 0.499071084375 0.93838124375 0.5065703984375001 0.9373855421874999 0.5299558703125 0.9438700437499999 0.5319332703125 0.9525157906249999 0.5313618265625 0.9542822109375001 0.484202940625 0.941264534375 0.4830928265625
0 0.916145621875 0.202979284375 0.9165357703125 0.18984571562500002 0.9155082218749999 0.18221661875 0.876407296875 0.19135490156249998 0.8763306671875 0.2113046984375 0.916145621875 0.202979284375
0 0.8440233375 0.05351205 0.840982896875 0.068769540625 0.8611799484375 0.077657371875 0.8690031875 0.065208290625 0.8440233375 0.05351205
0 0.3213815828125 0.394858946875 0.3252844015625 0.400752065625 0.3295677921875 0.3960053390625 0.32536180937500003 0.390426203125 0.3213815828125 0.394858946875