0 0.4855937703125 0.815349753125 0.45754045625 0.804769459375 0.44825937031249996 0.8066737125 0.42672874062500005 0.8020689234375 0.42524870937500003 0.8097763140625001 0.44355280312499995 0.81905970625 0.44737830624999997 0.8244195968750001 0.477941546875 0.8343350421875 0.4868013125 0.8295497468749999 0.49097852499999994 0.82245796875 0.4855937703125 0.815349753125
0 0.7155647328125 0.780424890625 0.718856078125 0.7940174921875001 0.728792553125 0.79659485625 0.727720646875 0.7862937015625 0.720298903125 0.7801129921875 0.7155647328125 0.780424890625
0 0.6832334515625 0.6068812015625 0.6863051390625 0.6100577390625 0.6883937453125 0.60651185 0.6924257140625001 0.601398221875 0.687064971875 0.579597525 0.681722228125 0.5757479203125 0.6734338281250001 0.578497609375 0.6780359515625001 0.6010534453124999 0.6832334515625 0.6068812015625
0 0.6097949953125 0.6187417125 0.6172491453125 0.6340580234375001 0.6226339015625 0.6411662406249999 0.6348834437499999 0.647675284375 0.6401001546875 0.6417490578125 0.6331093359375 0.6325723984375 0.6310915578125 0.6217459234375 0.6317145390625 0.6170919406250001 0.6210194453125 0.6152697171875 0.6097949953125 0.6187417125
0 0.4877631078125 0.0962637703125 0.48855893437500003 0.101705734375 0.48793595312500004 0.1063597203125 0.492192384375 0.10872365937499999 0.4997221625 0.10672911249999999 0.5115792015625 0.092726140625 0.510689746875 0.086643946875 0.505393815625 0.08311445625 0.498529028125 0.08371363125 0.4877631078125 0.0962637703125
0 0.49031024375000004 0.101796028125 0.4875566421875 0.10673729218750001 0.493709625 0.1072133765625 0.49485235781250003 0.1031421671875 0.49031024375000004 0.101796028125
0 0.390615378125 0.133191728125 0.3978402640625 0.14396896406249998 0.40842252187500006 0.1569049359375 0.41580705937499995 0.1568885375 0.4140653578125 0.150921253125 0.41261414218750003 0.140997671875 0.41129856406250004 0.1349729328125 0.3954395859375 0.10675348437500001 0.383700190625 0.106704209375 0.390615378125 0.133191728125
0 0.4627752671875 0.5850307406249999 0.4554795515625 0.5886258671875 0.45469332968750004 0.5773069109375 0.4530032453125 0.568721246875 0.44647575625 0.5656842390625 0.42555729218750005 0.5920075265625 0.426638803125 0.5964316890625 0.44197444218750004 0.5973017828125 0.46540642187500003 0.597080221875 0.4627752671875 0.5850307406249999
0 0.16305692656249998 0.6035720921875 0.160795475 0.597022034375 0.1628384796875 0.5634509578125 0.142337746875 0.565888709375 0.12955885 0.5646738828125 0.0845686375 0.54821655625 0.052296101562499996 0.54146943125 0.0232921125 0.5333023140625001 0.013673726562499999 0.5388427499999999 0.00573223125 0.5320792671875 0.0037979875000000002 0.5396520453125 0.00435021875 0.5434282640625 0.0287512828125 0.55280474375 0.0499914265625 0.5613658312500001 0.05508569375 0.5724303468749999 0.0578944984375 0.5916372796875 0.058540281250000006 0.6019958890625 0.0641026859375 0.616261559375 0.07258673125000001 0.6386204109375 0.080036078125 0.6568752171875001 0.08810360625 0.6734145359375 0.098466203125 0.67593444375 0.108547921875 0.676533659375 0.11934144531249999 0.676057615625 0.1360406875 0.6535674921875 0.1434492375 0.6388586171874999 0.1510870515625 0.6286888140625 0.16305692656249998 0.6035720921875
0 0.17941290468749999 0.5014799296875 0.1214973390625 0.5154909984375 0.178779103125 0.5417159765624999 0.17941290468749999 0.5014799296875
0 0.6835863203125 0.6806062500000001 0.6763842359375001 0.6848416078125 0.6836367234375 0.7076929421875 0.6835863203125 0.6806062500000001