0 0.9490314171875 0.4509909140625 0.955225953125 0.47896023750000005 0.963542625 0.475123984375 0.9573966281249999 0.452218503125 0.9547008609375001 0.44184613125 0.9501520140625 0.41480164999999997 0.9469290203125 0.4112536484375 0.94684303125 0.4405563328125 0.9490314171875 0.4509909140625
0 0.5132220828125 0.49315902031250003 0.5163237781250001 0.5164377625000001 0.5219006203125 0.538849715625 0.5308504546874999 0.5569049374999999 0.5369390578125001 0.5561584171875 0.5389332796875 0.5463376281250001 0.5411878078125001 0.5342316828125 0.5358954890625001 0.47967614999999997 0.5342894859375 0.465226990625 0.5289531046875 0.4472920359375 0.5164052859375 0.4454506546875 0.514013990625 0.46095323125 0.5132220828125 0.49315902031250003
0 0.5001934421875001 0.547144325 0.5105948015624999 0.5458690203125001 0.50808434375 0.5371638578125 0.4985058265625 0.5389015859375 0.5001934421875001 0.547144325
0 0.528783578125 0.6563009906249999 0.53647156875 0.672257684375 0.5390900984375 0.6657402109375 0.5319778765625001 0.6480229921875 0.528783578125 0.6563009906249999
0 0.38553534843750004 0.27673071718750003 0.399036165625 0.2778919421875 0.398356703125 0.2717788359375 0.3856301890625 0.266016190625 0.38553534843750004 0.27673071718750003
0 0.3518871578125 0.3788723140625 0.361516453125 0.4030406421875 0.3648894453125 0.398683909375 0.355074840625 0.37284837187500003 0.3518871578125 0.3788723140625
0 0.3560036203125 0.40202663593750004 0.35869053281249996 0.39381084843749997 0.3529570796875 0.38155768437500004 0.349974546875 0.38248668124999996 0.3560036203125 0.40202663593750004
0 0.2373682796875 0.255465659375 0.22813381718749998 0.20477333281250001 0.22350559531249997 0.2047774859375 0.23224590312500001 0.2510239171875 0.2373682796875 0.255465659375
0 0.23838966093749997 0.2530871875 0.2529604 0.2569337828125 0.2524927015625 0.24347167656250002 0.237105734375 0.23690860625000001 0.23838966093749997 0.2530871875
0 0.14627513281249999 0.1646753484375 0.1628599375 0.151938996875 0.15845671249999999 0.14008604375 0.14302344218750002 0.14930134374999998 0.14627513281249999 0.1646753484375
0 0.018867142187499998 0.43660300625000004 0.025328495312499998 0.3952524328125 0.018430278124999998 0.391028425 0.0128667671875 0.428889053125 0.018867142187499998 0.43660300625000004
0 0.064313796875 0.7645105937500001 0.073124625 0.765120234375 0.07681745 0.73819186875 0.0706185390625 0.7333188093749999 0.064313796875 0.7645105937500001
0 0.3868501078125 0.2607968234375 0.3971080859375 0.265172203125 0.3949130890625 0.256991675 0.3863625671875 0.254096875 0.3868501078125 0.2607968234375
0 0.532840303125 0.5701804125 0.5426394390625 0.57968184375 0.5432902046875 0.57396895 0.534505834375 0.5643430984375 0.532840303125 0.5701804125
0 0.6105450765625 0.621490603125 0.6159277578125 0.6236471890625 0.6162630609375 0.6174096625 0.6096185375000001 0.61315455 0.6105450765625 0.621490603125
0 0.9361771984375 0.59677443125 0.9378361156249999 0.59319116875 0.9355859625 0.5822008515625 0.9336733531249999 0.5858152171875 0.9361771984375 0.59677443125
0 0.0890528828125 1 0.0911415296875 0.9989382625 0.0940335953125 0.985627528125 0.059566828125000006 0.999429753125 0.059612084375 1 0.0890528828125 1
0 0.17980061875 0.5796677671875 0.1813029265625 0.5862432953125001 0.193171284375 0.5819715703125 0.198814271875 0.5818429968750001 0.2018100328125 0.5764058953125 0.20612055156250003 0.5550348984375 0.2021430953125 0.5493261578124999 0.1969457234375 0.5488367843749999 0.18714882500000002 0.5601775625000001 0.18502445 0.571140928125 0.179902075 0.5666991859375 0.17980061875 0.5796677671875
0 0.22019640625 0.10097079375 0.21751386562500002 0.0860903171875 0.2130841828125 0.083253575 0.19823553437500002 0.1092965078125 0.21378135468749998 0.1265429984375 0.220904565625 0.11890989999999999 0.22335101562499998 0.1062171140625 0.22019640625 0.10097079375
0 0.21822895468749998 0.2961174296875 0.224152090625 0.286941540625 0.20091604218749998 0.23289614531249997 0.20336697187500002 0.26188778125 0.21822895468749998 0.2961174296875
0 0.1612714328125 0.045104781249999996 0.16464666562500002 0.061590259375 0.171935340625 0.06238653125 0.173799409375 0.053708321875 0.1673798796875 0.037596103125 0.163574503125 0.038062678125 0.1612714328125 0.045104781249999996