0 0.377598028125 0.790194690625 0.354170915625 0.8299583359374999 0.401317578125 0.8476106671875 0.42846893750000004 0.80373681875 0.41078299218750003 0.7966061625 0.4027910078125 0.7941366421875 0.3982102875 0.7966793156249999 0.38264174687499997 0.7914233546875 0.377598028125 0.790194690625
0 0.3726986984375 0.8373985968750001 0.36807041093750004 0.8358530125 0.3652026421875 0.8415307484375001 0.3661835203125 0.85379064375 0.3707861953125 0.853134859375 0.3702353828125 0.84181596875 0.3726986984375 0.8373985968750001
0 0.37278679375 0.7729250375000001 0.37205838281250003 0.78236435625 0.38095075 0.7901751828125 0.399030171875 0.79510203125 0.4061217734375 0.7922302453125 0.41288210156250005 0.7969084515625 0.4183302734375 0.7968767515625 0.42122365781250004 0.7934003890625 0.42150736718750004 0.7817621375 0.43279353125000003 0.7791804499999999 0.43734132187499997 0.7738074421875 0.43058465312500005 0.7694437187500001 0.43051879218750005 0.7637830546875 0.4216337421875 0.7566011890625 0.4249352375 0.7521789437499999 0.41780704375 0.751905915625 0.40903908125 0.75478745625 0.400719478125 0.76018240625 0.39233401562500003 0.7599166953125 0.3826986 0.7602872609375 0.3764561546875 0.7640976140625 0.37278679375 0.7729250375000001
0 0.0736309703125 0.42085015468750003 0.06312810156250001 0.418709746875 0.06170055 0.440104234375 0.063534246875 0.453617178125 0.0706551203125 0.45326124375 0.0704685125 0.43722269375 0.0736309703125 0.42085015468750003
0 0.10826544062500001 0.40775402656250004 0.116279378125 0.41211043593749996 0.126257046875 0.40513332343749997 0.127852909375 0.3982049796875 0.1202617203125 0.39416061406249997 0.10826544062500001 0.40775402656250004
0 0.20380140156249998 0.441793453125 0.208598 0.4578051796875 0.21360878749999998 0.4562035125 0.20966134687500002 0.44113035156249997 0.20380140156249998 0.441793453125
0 0.223874103125 0.36588151875 0.20045993750000002 0.3707352921875 0.2047203578125 0.37668605624999996 0.226017121875 0.369957584375 0.223874103125 0.36588151875
0 0.0822159859375 0.402244546875 0.074363040625 0.41172531875 0.08563625625 0.4440535 0.114564459375 0.44482869375 0.11132882343749999 0.45491160312499995 0.11062968437500001 0.4668667734375 0.11858507968750001 0.4661914796875 0.124051546875 0.46773218749999995 0.132404078125 0.4651675671875 0.1310663109375 0.45825629062499995 0.1276038203125 0.4488413578125 0.143962975 0.450004184375 0.1476433140625 0.442120203125 0.12945778125000001 0.4280733953125 0.1256493796875 0.424950528125 0.1251644296875 0.4192923015625 0.0822159859375 0.402244546875
0 0.14000033125 0.1094208546875 0.15259865156250002 0.11154907031250001 0.1612970953125 0.1026923859375 0.13064862500000002 0.09815317031250001 0.13451556874999998 0.10630774218750001 0.14000033125 0.1094208546875
0 0.3041066609375 0.45347543906250004 0.288184890625 0.4538825796875 0.2890816140625 0.45890940625 0.304988746875 0.4572443375 0.3041066609375 0.45347543906250004
0 0.2543781890625 0.7902826296875001 0.24083558124999999 0.7790393296875 0.2379385390625 0.7822012140625 0.2489812421875 0.7947170703124999 0.2543781890625 0.7902826296875001