0 1 0.0742987515625 0.9980778203125 0.0751102359375 0.9946279703125 0.08620320000000001 0.9961183015625 0.0910806265625 0.9858319640625 0.1238443421875 0.9817317640625 0.13172583437500002 0.9902624515625 0.14448140625 0.987945934375 0.1491748390625 0.9874402515625 0.15329623125 0.9935502625 0.15740758593749998 1 0.1565739921875 1 0.0742987515625
0 1 0.145940846875 0.999840559375 0.14586300937500002 0.9939428796875 0.1456957453125 0.9903528140625 0.14658224375 0.988316290625 0.1518309953125 0.9918658468749999 0.1569492828125 0.9991679484375 0.157019534375 1 0.156536825 1 0.145940846875
0 0.4246180703125 0.12691859375 0.423543496875 0.13567654843750002 0.4274678625 0.1405773921875 0.4348603265625 0.14274848125 0.4459737296875 0.14012912500000002 0.44732829687500003 0.1319264875 0.4318614140625 0.12463041875 0.4246180703125 0.12691859375
0 0.2517603 0.091545534375 0.2595231203125 0.0963727796875 0.28386345625 0.09660695312499999 0.288189784375 0.1039063640625 0.2987476515625 0.097302775 0.3048167125 0.087561303125 0.301528903125 0.07463512343749999 0.29552706406249996 0.061130207812500004 0.266105890625 0.0370475 0.2547846078125 0.0328491671875 0.2286062828125 0.030571025 0.214182809375 0.0346321984375 0.20581058593749998 0.040446303125 0.20026990625000002 0.051555993749999994 0.20322787187500002 0.055821231250000006 0.21882606718750003 0.0790709625 0.238741246875 0.09550969375 0.2517603 0.091545534375
0 0.33083108125 0 0.331693484375 0.0217261046875 0.372611775 0.037224812499999996 0.4273801953125 0.05617251250000001 0.44146046562499996 0.0520711953125 0.44955269531250003 0.045701775 0.4174085890625 0.0267875296875 0.39883016875 0.013640559375 0.38895827031249997 0.0004668265625 0.389578859375 0 0.33083108125 0
0 0.3415769234375 0.1482983 0.353521403125 0.1530920921875 0.387954871875 0.16469689062499998 0.39395181875 0.16121779375 0.3944258953125 0.157353990625 0.3854438328125 0.15395183437499999 0.350441471875 0.146983603125 0.338329621875 0.12936733281249999 0.34788948125 0.12238572343750001 0.3500929359375 0.1101018375 0.3432827203125 0.094673384375 0.3353529703125 0.096881271875 0.332476465625 0.1004640703125 0.341761221875 0.10991115625 0.335163778125 0.1182844015625 0.332373184375 0.1268416421875 0.3415769234375 0.1482983
0 0.7703521249999999 0.8302346421875001 0.7592974796874999 0.8352124249999999 0.75950090625 0.844903715625 0.7884475640625 0.8529926171875 0.7997732984375 0.8543173515625 0.7966800078125 0.856829659375 0.7592391593750001 0.8527116093749999 0.7623506984375 0.8585625125 0.775695584375 0.8859905031249999 0.7879427609375 0.8968292265625 0.789866659375 0.9038476359375001 0.794635459375 0.9075408312500001 0.8101201515625001 0.9033424999999999 0.8255732390625001 0.89940175625 0.830626484375 0.9007766687500001 0.8440248 0.8937214640625 0.8440924624999999 0.8903326921874999 0.8531194875000001 0.8848564609375 0.861938634375 0.8725625406249999 0.8703015125 0.8526380265625001 0.87306940625 0.8385911765625 0.8725588328124999 0.82572855625 0.8801498328124999 0.8206069265625 0.8796980171875 0.8101027328124999 0.8839473390625001 0.80668050625 0.8890455453125 0.7991770328125 0.8898312203125001 0.795610959375 0.8864712953125 0.788947153125 0.8661813078125 0.7727258640625 0.8549503875 0.77062836875 0.8487638109375 0.775652984375 0.8418049125 0.775622878125 0.8334460484375 0.7728161828125 0.82714640625 0.7702503484375 0.8115441984375 0.7697318281250001 0.8009952359374999 0.77058821875 0.802359146875 0.7764959921875 0.795599225 0.7890307734374999 0.7923345546875 0.801451815625 0.793843134375 0.8146924515625 0.7866540984375 0.8222126515625 0.78028679375 0.8230355906250001 0.773919490625 0.82385853125 0.7703521249999999 0.8302346421875001
0 0.8082686812500001 0.9952976296875 0.8294491875000001 0.99517440625 0.801343271875 0.989062075 0.73623821875 0.9749148578125 0.7316772984375 0.978039353125 0.8082686812500001 0.9952976296875
0 0.666336775 0.9346008234375001 0.6733677874999999 0.9283685593750001 0.6851088390625 0.9234710640625 0.693905725 0.9255451406249999 0.69290815625 0.945024734375 0.6863062609374999 0.95627158125 0.69718061875 0.9669497296875 0.7212369484375001 0.9893597953125 0.728931665625 0.9777182062499999 0.748213865625 0.9595934546875 0.7546893406249999 0.9493769562500001 0.7616571421875 0.943659865625 0.7163034734375 0.890540084375 0.7121218140625001 0.8905735359375001 0.7257920984374999 0.9295360703125001 0.7004123671875 0.8952134453125 0.6609852890625 0.92430738125 0.666336775 0.9346008234375001
0 0.14034340625 0.8038369265625 0.116856846875 0.8165055171875 0.09783194218749999 0.8296959718749999 0.0447897640625 0.8647746203125 0.049617321874999995 0.870826240625 0.048637562499999995 0.8788114374999999 0.055899153125 0.8848864750000001 0.05632826875 0.8899010578125001 0.054815676562500006 0.8993916296875 0.053623584375 0.9034327328125 0.057202520312500005 0.9097302328125 0.058942134374999997 0.9099832625 0.057918309375 0.9109897312499999 0.09344014843750001 0.9250733859375 0.09446583593749999 0.9240650859375 0.09514308125 0.9256644953125001 0.110469478125 0.9309845046874999 0.130514653125 0.9038040687500001 0.1641477734375 0.8680229078125 0.20902961874999998 0.8228448421874999 0.1988056125 0.8153781656250001 0.15740879375 0.8066168593749999 0.1471695609375 0.8049489 0.14034340625 0.8038369265625
0 0.242810103125 0.7120925031249999 0.243144403125 0.7178798468750001 0.25587010625 0.7219811671875 0.265001290625 0.7298425875000001 0.2857511203125 0.71110565 0.2713454546875 0.7036724265625 0.2607466390625 0.6964231921875 0.2545734171875 0.6928270125 0.251624796875 0.7026721828125 0.242810103125 0.7120925031249999
0 0.23672554687499997 0.4297170171875 0.2544003375 0.42185560312500003 0.2630481015625 0.41947041562500004 0.2743738359375 0.4207951484375 0.28451193125 0.4232873875 0.2959596328125 0.4264553734375 0.3043679125 0.4175100828125 0.310744121875 0.41093994531250005 0.30484155 0.39378867031250003 0.30351814843749997 0.381876109375 0.294323753125 0.3745298640625 0.2924630640625 0.3669962828125 0.286854284375 0.3616371359375 0.27503177343749996 0.3586865921875 0.22444990312500002 0.356689453125 0.191181809375 0.35828515 0.1879620984375 0.36182780625 0.17912915625 0.36288491562499997 0.1673743078125 0.3565456 0.1020075109375 0.350206275 0.0914585484375 0.3510626671875 0.0729887375 0.348379746875 0.061026449999999996 0.35508035 0.0580733765625 0.3677991234375 0.0537247890625 0.374867709375 0.03908898125 0.37498479375 0.038231190625 0.3848132390625 0.0491100015625 0.3926177890625 0.050555371875 0.4063736015625 0.055924668749999996 0.40517264375 0.06257641875 0.40203142343750004 0.07390215156249999 0.4033561578125 0.0811681953125 0.4065575953125 0.0862574984375 0.40480132187500006 0.0952929890625 0.37372028125 0.09683317500000001 0.38670333125 0.10636588281249999 0.3771057109375 0.10207605156249999 0.3865327234375 0.0989151 0.3924338046875 0.099714571875 0.40010454375000004 0.10120490468750001 0.40498196875000003 0.114025421875 0.408310528125 0.126565946875 0.4110837703125 0.1500529453125 0.41827278906250004 0.1608413921875 0.4239765015625 0.191856178125 0.42655906562499996 0.1919554453125 0.4229127046875 0.1996412609375 0.4170183140625 0.2036831421875 0.426636009375 0.2074810875 0.4325672 0.2149367625 0.43422311562499993 0.23672554687499997 0.4297170171875
0 0.866732509375 0.3766842953125 0.869103771875 0.3970804953125 0.8796843390625 0.39596651875 0.8905132953124999 0.39566544375 0.8995269640625001 0.3988100109375 0.8881291156250001 0.40374765156250003 0.87198961875 0.4076081078125 0.8715110921875 0.4143455109375 0.8877227015625 0.40422268125 0.8955576375 0.40278755468750005 0.883983953125 0.4205075265625 0.882033340625 0.4307307171875 0.8678493484375001 0.44135199375 0.866277996875 0.4484841421875 0.8851858265624999 0.45043444531250004 0.909765646875 0.45722872187499997 0.9165883390625 0.42432115625 0.913770153125 0.41040477031249994 0.9123336875 0.3909017609375 0.9116966937500001 0.37906948749999997 0.88733365625 0.373345703125 0.870173453125 0.37133853125 0.866732509375 0.3766842953125