0 0.8046561328124999 0.1707365390625 0.8601172671875 0.48026396875 0.8683811390624999 0.474868396875 0.8129200031250001 0.1653409671875 0.8046561328124999 0.1707365390625
0 0.9444414343749999 0.49563248125000003 0.95835366875 0.504934065625 0.968087578125 0.5055019234375 0.9524436578125 0.46344559375000005 0.9439248812500001 0.4779693375 0.9444414343749999 0.49563248125000003
0 0.6691368015625 0.32152767656250003 0.6781952437500001 0.3063823421875 0.6693949156250001 0.282358265625 0.6397761578125001 0.3217740515625 0.6512218484375001 0.3433401578125 0.737313978125 0.34901569375 0.754954121875 0.324574884375 0.6691368015625 0.32152767656250003
0 0.7197961515625 0.31795230937499996 0.6804068828125 0.30324599375 0.6792944828125 0.3168956609375 0.7197961515625 0.31795230937499996
0 0.5417188953125 0.40291247031250005 0.5739435296875001 0.43352767343750004 0.5706095375 0.44443544062499996 0.55686616875 0.43906215625 0.56521286875 0.45065135312500004 0.57775105625 0.4468112890625 0.57907534375 0.4305616828125 0.5484498046875 0.386325203125 0.5423446015625 0.38923440781249996 0.5417188953125 0.40291247031250005
0 0.3682668515625 0.47312174375 0.3660950203125 0.499771096875 0.3771400546875 0.5082523375 0.376610340625 0.5147521796875 0.39468099843750004 0.5210309843750001 0.4059610328125 0.5086275546875 0.41215548437500005 0.46262064062499997 0.3908997984375 0.4594213984375 0.3682668515625 0.47312174375
0 0.41796340625 0.667371771875 0.406670209375 0.7039381921875 0.4124575828125 0.704928890625 0.41751651875 0.6908563812499999 0.4303593734375 0.7072794 0.48436587812500004 0.668633278125 0.5181530109375 0.6320729640625 0.50362823125 0.61228645625 0.510921921875 0.5767928609374999 0.47461174218749996 0.5603069515625 0.488911471875 0.606856384375 0.48448819375 0.6131290828125 0.482803059375 0.639806828125 0.457620740625 0.648786928125 0.41796340625 0.667371771875
0 0.490011353125 0.8093736359375001 0.4851511390625 0.8450091937499999 0.47675821249999994 0.8699894703125001 0.48840583593750003 0.8830773859375001 0.511313590625 0.8720053703125 0.5110188765625 0.8576205375000001 0.5170412515625 0.8377265625 0.51112803125 0.82627933125 0.5021026546875 0.829018178125 0.490011353125 0.8093736359375001
0 0.38079958281250004 0.8173700531250001 0.40997466562499996 0.7713976390624999 0.4016809375 0.75915845625 0.3667714515625 0.803490184375 0.38079958281250004 0.8173700531250001
0 0.15494911875 0.6304765265625 0.162987940625 0.65184388125 0.16262709375 0.6622720203125 0.1730794875 0.6720248390625 0.17149034531250001 0.6915243656250001 0.17888676718750002 0.6847720390625 0.1840185796875 0.6818060484374999 0.1899979359375 0.668440309375 0.1872167734375 0.654563496875 0.176986215625 0.6480889953125 0.179823559375 0.6312745843750001 0.17120205156249999 0.6170570578125 0.15958428281249998 0.6216038921875 0.15494911875 0.6304765265625
0 0.5282201578125 0.286530796875 0.530994578125 0.26448811875 0.520393221875 0.26256350624999997 0.51560909375 0.27926434375000003 0.51277175 0.29607875625 0.5039052890625 0.29686765 0.5057031078125 0.3048094265625 0.5048555640625 0.3152091734375 0.5197312390625 0.318689290625 0.5222507546874999 0.3057747859375 0.5282201578125 0.286530796875
0 0.904061759375 0.343069675 0.9189804546874999 0.3400215578125 0.9143285953125 0.3070964546875 0.9012507390625 0.31155811093749997 0.904061759375 0.343069675
0 0.7395028234375001 0.46016604687499996 0.747660753125 0.45607044375 0.7287489734375 0.4001089078125 0.722190140625 0.3905832359375 0.7179787484375 0.394255996875 0.7395028234375001 0.46016604687499996
0 0.097453559375 0.8439430625 0.1098328328125 0.8420529484375001 0.10737945156249999 0.8301544828124999 0.0932652828125 0.8293310859374999 0.097453559375 0.8439430625