0 0.7556664468750001 0.216959096875 0.750034353125 0.21398905 0.7312745515625 0.230820746875 0.731772709375 0.2351839546875 0.7556664468750001 0.216959096875
0 0.8851819640624999 0.8771880734374999 0.8829153140624999 0.87165478125 0.8355149484375 0.8697891859375 0.833318946875 0.8761513765625001 0.83328125 0.8849499671875 0.8814612437499999 0.889348190625 0.8851819640624999 0.8771880734374999
0 0.5665693984375 0.9646204921875 0.42983471562500003 0.9770101875 0.4269584015625 0.9836785671875001 0.5667409421875 0.9695239078125001 0.5665693984375 0.9646204921875
0 0.0764637671875 0.791865621875 0.0822509296875 0.789392046875 0.0606014984375 0.7828833078125 0.0522646375 0.791485059375 0.0667933671875 0.8018539734375001 0.093685078125 0.81006644375 0.10384618593749999 0.794352334375 0.0934248296875 0.7927513921875 0.0759188859375 0.796042928125 0.0764637671875 0.791865621875
0 0 0.283491746875 0.0571886953125 0.290289084375 0.05950365 0.277450975 0 0.2714564265625 0 0.283491746875
0 0.28549792812499997 0.3770590921875 0.278387840625 0.3713464578125 0.27326293437500004 0.3729976953125 0.278259859375 0.3775643015625 0.28549792812499997 0.3770590921875
0 0.27231039218749997 0.5432918640625 0.26223370625000003 0.541666865625 0.260364315625 0.5474888499999999 0.265552421875 0.547644134375 0.27231039218749997 0.5432918640625
0 0.3432593703125 0.586200065625 0.3480486375 0.5848309609375 0.3650112765625 0.5758858453125 0.3518160828125 0.5641303265625 0.3346622578125 0.577486765625 0.3432593703125 0.586200065625
0 0.34354625 0.66353274375 0.3531338125 0.661052609375 0.34503485624999997 0.65670251875 0.34354625 0.66353274375
0 0.047871507812500005 0.7547969250000001 0.041122565625 0.7594072671875 0.0467998015625 0.7636676859375 0.0546008109375 0.7595013171875 0.047871507812500005 0.7547969250000001
0 0.14800389375 0.8812994046875 0.1517650171875 0.8999223234375 0.1549753921875 0.9028026984374999 0.17523869375 0.8993187031250001 0.1896622421875 0.8869289468750001 0.20131782343750002 0.8843044656249999 0.20100181875 0.875271859375 0.1648024375 0.877539834375 0.14800389375 0.8812994046875
0 0.687001721875 0.23934374374999998 0.678928271875 0.245598765625 0.6808773375 0.251930340625 0.688896615625 0.24412687187499998 0.687001721875 0.23934374374999998
0 0.44822233593750005 0.6236296671875 0.46627790156250004 0.5866681609375 0.45839563437499997 0.5885118578124999 0.44315318281250005 0.6169984640624999 0.403896915625 0.6207733296875 0.42050901874999996 0.5919324203125 0.4579967921875 0.5869874703125 0.4665413140625 0.584321434375 0.45855973125 0.5833263109375 0.42376611718749996 0.5862722812500001 0.43301216875000004 0.564154425 0.42950226718750006 0.5625884796875 0.4098332765625 0.5929362796875 0.3993259171875 0.618505334375 0.4002229171875 0.62439293125 0.4243859328125 0.623741196875 0.442290715625 0.6219740515625001 0.44206341875 0.6253530781250001 0.44822233593750005 0.6236296671875
0 0.42506712343749997 0.8999902578125001 0.41978873125 0.897254228125 0.4195417953125 0.90994799375 0.4655002796875 0.9101032984374999 0.4669347140625 0.9017246265625 0.4656749875 0.8953449375 0.4428725921875 0.89538429375 0.435344025 0.897462009375 0.42506712343749997 0.8999902578125001
0 0.1376398703125 0.86158513125 0.15042877500000001 0.8617272968749999 0.16256175 0.82336825 0.14318799843750002 0.822650878125 0.1303385984375 0.8602838203125 0.1376398703125 0.86158513125
0 0.027794645312499998 0.7833622609375 0.012674307812499999 0.78571116875 0.021486528125 0.81044914375 0.0343673015625 0.8033411671874999 0.027794645312499998 0.7833622609375
0 0.40253428593749996 0.29541794062500004 0.3972107484375 0.29139153906250004 0.392502740625 0.2950833140625 0.3974906375 0.2993918484375 0.40253428593749996 0.29541794062500004