0 0.1884449078125 0.34380649375 0.20424377656249998 0.3526816859375 0.22958784375 0.3449094765625 0.23898785312499998 0.3304116140625 0.24259959062499997 0.30787257968750004 0.242604409375 0.284366871875 0.2351611546875 0.271769371875 0.22509440781249998 0.26239289062500004 0.21202299062500002 0.25156969687499997 0.1936896671875 0.2352235109375 0.1713270140625 0.21666549062499998 0.15583344062499999 0.21545623749999998 0.144902140625 0.2151301078125 0.135978928125 0.2197567875 0.13126488593750002 0.224870103125 0.123227721875 0.2285645578125 0.12115867031250001 0.2385749859375 0.1232987890625 0.249072046875 0.1249967640625 0.26986462499999997 0.127026346875 0.282935565625 0.1340125390625 0.2938635609375 0.1506842984375 0.30950031875 0.1624819140625 0.32043490625 0.1884449078125 0.34380649375
0 0.9506956953125 0.38954335 0.9392744421874999 0.4067821875 0.9457689203124999 0.4156163390625 0.957190171875 0.3983775015625 0.9506956953125 0.38954335
0 0.5880261531250001 0.1665480828125 0.599767615625 0.16894020781250002 0.6019687 0.16447402656250001 0.588385834375 0.163097678125 0.5880261531250001 0.1665480828125
0 0.5856303078125 0.16077444531250001 0.5782383859375 0.18022511875 0.582267715625 0.1824369546875 0.588385834375 0.163097678125 0.5856303078125 0.16077444531250001
0 0.6266561312500001 0.1682982 0.616257775 0.16664335624999999 0.615967396875 0.1709424390625 0.626365753125 0.1725972828125 0.6266561312500001 0.1682982
0 0.6142909203125 0.1582679859375 0.6148453609375 0.1650574 0.6270851171875 0.165696471875 0.6273061906249999 0.1605487109375 0.6142909203125 0.1582679859375
0 0.4107321046875 0.029909684375000002 0.3987827265625 0.0249715328125 0.3980633609375 0.03187234375 0.40930653437500003 0.0360175203125 0.4107321046875 0.029909684375000002
0 0.38052047031249997 0.029132834375 0.3672841265625 0.03199986875 0.3683368609375 0.0370362296875 0.3808669953125 0.0333762171875 0.38052047031249997 0.029132834375
0 0.34254055 0.019633228125 0.332835246875 0.026465153125 0.33338968750000003 0.033254564062500006 0.3432336015625 0.028119996874999997 0.34254055 0.019633228125
0 0.367851725 0.0310954921875 0.35836749375 0.0327796546875 0.3586447140625 0.0361743625 0.3669937515625 0.0362989515625 0.367851725 0.0310954921875
0 0.10427862968749999 0.44817981093750003 0.0959295921875 0.4480552234375 0.0950716171875 0.4532586796875 0.1041268640625 0.4541762484375 0.10427862968749999 0.44817981093750003
0 0.0864058921875 0.472820753125 0.0927617578125 0.47995755156250003 0.0943952453125 0.4763957484375 0.0893131828125 0.4691475515625 0.0864058921875 0.472820753125
0 0.2110606953125 0.48328775312500005 0.2090412125 0.5056875421875 0.2122950296875 0.5062577234375001 0.21438381718750002 0.48470661249999997 0.2110606953125 0.48328775312500005
0 0.43978948281249997 0.747057625 0.4394298015625 0.750508028125 0.45010537656249994 0.7555575828125 0.45173886249999995 0.751995778125 0.450755434375 0.74780809375 0.43978948281249997 0.747057625
0 0.8455691812499999 0.7517436265625 0.8358507203125001 0.7662693375 0.8416389921875 0.7743105124999999 0.8524926468749999 0.75797605 0.8455691812499999 0.7517436265625
0 0.553155328125 0.24225034375 0.53950315625 0.24002531562499999 0.53984968125 0.2442686984375 0.55322463125 0.24309901875 0.553155328125 0.24225034375