0 0.5607689 0.40083154062500004 0.5806969343749999 0.40275314218749997 0.6172393421875 0.40378944531250005 0.6276774281249999 0.40359540781250003 0.6459502390625 0.40048330625000006 0.6483998640624999 0.393911596875 0.6488621515624999 0.3748048640625 0.6426478296875 0.372264625 0.6365293953125 0.375988 0.6132662734375 0.3750891375 0.57977986875 0.37945165468750003 0.5678419031249999 0.38027746875 0.5655540515624999 0.3779936359375 0.5720870984374999 0.37371355781250004 0.547936903125 0.37089598125 0.5152416859375 0.3709135984375 0.4957662921875 0.3716667921875 0.4812994234375 0.3798618265625 0.463204990625 0.3811795203125 0.467914609375 0.3952423015625 0.47821395625 0.39644391562500003 0.4866004234375 0.39520374999999996 0.5024616421875 0.40189485312500006 0.51810805625 0.4035186109375 0.5359068 0.40156134843749997 0.54579314375 0.39968940937499997 0.5607689 0.40083154062500004
0 0.5390201078125 0.5003499031249999 0.5150681125000001 0.49553853593749997 0.513566628125 0.499800565625 0.5364928124999999 0.5040888703124999 0.5390201078125 0.5003499031249999
0 0.47784112343749996 0.43633528281249995 0.45226872343749996 0.43698222031249995 0.45443765625 0.4404623265625 0.47776023749999996 0.44076305312499997 0.47784112343749996 0.43633528281249995
0 0.1833313078125 0.5619162890625 0.1613896859375 0.5621800625 0.163243109375 0.565219975 0.18484940156250002 0.5647153890625 0.1833313078125 0.5619162890625
0 0.38455078125000003 0.568853671875 0.3804673609375 0.5665620421875001 0.3720776796875 0.575062715625 0.3784505609375 0.5760079250000001 0.38455078125000003 0.568853671875
0 0.8213476906249999 0.392508275 0.824368875 0.387415090625 0.8023495828125 0.3848461234375 0.792345925 0.3842840796875 0.791002996875 0.38695108125 0.8213476906249999 0.392508275
0 0.570303871875 0.16757875 0.564621475 0.1669157890625 0.55670746875 0.1706313703125 0.5493848453125 0.1756260921875 0.5548888640625 0.1780834625 0.5724728031249999 0.17105885625 0.570303871875 0.16757875
0 0.041765767187500004 0.5873517671874999 0.0345026046875 0.5917483531250001 0.037816265625 0.5945552484375 0.047210328125 0.5904072734375 0.041765767187500004 0.5873517671874999
0 0.0224494484375 0.7635949015625 0.0103132875 0.7664145046875 0.022527120312500003 0.7664276421875 0.0224494484375 0.7635949015625
0 0.041367748437500004 0.7286908921874999 0.0284254 0.725164009375 0.0246558828125 0.7269428265625 0.03903865 0.7304360703125 0.041367748437500004 0.7286908921874999
0 0.21107315624999998 0.74183443125 0.19704393125 0.7420128796875 0.1982465125 0.7443717875 0.2111904671875 0.7442684125000001 0.21107315624999998 0.74183443125
0 0.1989632421875 0.7299336359375 0.192610184375 0.7287890484374999 0.18657102812499998 0.7317149109375001 0.191463846875 0.733092515625 0.1989632421875 0.7299336359375
0 0.6135876359375 0.7188085109375 0.5965206203125 0.7170190125 0.5948423625 0.719445196875 0.613349796875 0.7212010578125 0.6135876359375 0.7188085109375
0 0.580907415625 0.7295175140625 0.564392140625 0.729405915625 0.5633647234375 0.7325131078125 0.581774665625 0.7316356078124999 0.580907415625 0.7295175140625
0 0.380916771875 0.7102186421875001 0.3632567703125 0.710780253125 0.362604321875 0.7137295015625 0.3808755265625 0.7142476531249999 0.380916771875 0.7102186421875001
0 0.405594065625 0.7258042625 0.40922162812499996 0.73268160625 0.4163840859375 0.7329121703125 0.412145321875 0.7249550609375001 0.405594065625 0.7258042625
0 0.5263498546875 0.7290013859375 0.5254001078125 0.7349413171875 0.5292472984375001 0.7359952390625 0.531933153125 0.7306612390625 0.5263498546875 0.7290013859375
0 0.7739300515624999 0.710488865625 0.7890643671875 0.7100359671875001 0.7868756140625 0.7067552390625 0.772747290625 0.707930578125 0.7739300515624999 0.710488865625
0 0.9363755265625 0.587047190625 0.9405992921875 0.5843129109375 0.9365555140625 0.581622525 0.9306170640625 0.5799212359375 0.928998265625 0.5817492843750001 0.9363755265625 0.587047190625
0 0.693932978125 0.3659448421875 0.6787193828125 0.3671952578125 0.6753232296875 0.3724463859375 0.69523305 0.370937109375 0.693932978125 0.3659448421875
0 0.557177778125 0.26709465468750004 0.543738325 0.2721825 0.5452746281249999 0.278412475 0.5653462234375 0.26804765937499997 0.557177778125 0.26709465468750004
0 0.2844290359375 0.6219154625 0.27223501875 0.6217029468749999 0.27359455312500003 0.6260970796875001 0.2841317375 0.6249061453125 0.2844290359375 0.6219154625
0 0.8244776046875 0.498357959375 0.819147140625 0.5049969453125 0.8262104984375 0.5062244015624999 0.8341261093749999 0.4988785671875 0.8244776046875 0.498357959375