0 0.7588228953125 0.40784900312500005 0.7770227140625 0.3956940125 0.767023196875 0.389163975 0.749408259375 0.3915300953125 0.7280578734375001 0.39649750156249997 0.7073362390625 0.40190533593750005 0.7291004734375 0.41525318593750005 0.7448427578125 0.4215367109375 0.7479426515625 0.4135095390625 0.7588228953125 0.40784900312500005
0 0.5574326109375 0.41311810624999995 0.58590433125 0.409818534375 0.5866170734375 0.4060486265625 0.5575468671875 0.40916615 0.5574326109375 0.41311810624999995
0 0.5439019968750001 0.3616601421875 0.5498096921875 0.372676425 0.5623106156250001 0.37099724218749996 0.5575393656250001 0.3598283078125 0.5439019968750001 0.3616601421875
0 0.72952348125 0.37451805781249997 0.7356967531249999 0.38287425937499997 0.7435005640625 0.3805138125 0.738615059375 0.373296834375 0.72952348125 0.37451805781249997
0 0.3890485875 0.3404702640625 0.3731821921875 0.3528366984375 0.3633846734375 0.362813290625 0.3738245515625 0.363248040625 0.3797655625 0.3548392375 0.399639790625 0.3421968921875 0.3890485875 0.3404702640625
0 0.389028178125 0.3255138875 0.402504371875 0.3370881765625 0.4107856109375 0.33387627656249996 0.4014383078125 0.32305957812499997 0.389028178125 0.3255138875
0 0.3348690828125 0.35588356875 0.3700384296875 0.35063457656249997 0.36775873125 0.3459544234375 0.334233528125 0.35045768593750004 0.3348690828125 0.35588356875
0 0.26337144375 0.21852067968750002 0.27421836875 0.23228523124999997 0.2850146203125 0.23083502656250002 0.2753949359375 0.2176929515625 0.26337144375 0.21852067968750002
0 0.17770736874999998 0.22136693593749998 0.1728793421875 0.2343501703125 0.1825694109375 0.23331099531250002 0.18883653125 0.22275886093750003 0.17770736874999998 0.22136693593749998
0 0.2678639421875 0.46382415000000005 0.298759878125 0.46151115000000004 0.3016849890625 0.45691918437499995 0.2683648359375 0.45824561406250003 0.2678639421875 0.46382415000000005
0 0.8986028921875 0.40875615468750004 0.8757158140625 0.40553187656249995 0.866987409375 0.409853603125 0.89448080625 0.41298402031250003 0.8986028921875 0.40875615468750004