0 0.5651157296875 0.7612717421874999 0.5658229140625 0.757054328125 0.540069615625 0.7292944359375 0.5518486265625 0.720420403125 0.5162021421875 0.6902881078124999 0.5035787296875001 0.6972194296875001 0.48512430625 0.679847146875 0.47141010625 0.6772235703125 0.47370215312499997 0.7052340781249999 0.4680711046875 0.7075278484374999 0.45228807968750007 0.6827605125 0.44159637656250006 0.6813264 0.42235039687500003 0.704618496875 0.3447131203125 0.680685859375 0.27855494687500004 0.622084134375 0.29347192187500004 0.600040825 0.29709069375 0.5856292890625 0.29383029375 0.573431225 0.27835422187500003 0.564298928125 0.263026025 0.5703447515625 0.25032954531249996 0.574652775 0.24140819531250002 0.576330971875 0.2337492078125 0.5826214390625 0.2066300390625 0.5810746578125 0.20067681875 0.5844577281250001 0.23963632499999998 0.616341159375 0.25280013281249997 0.637446740625 0.345894515625 0.6817323187500001 0.47273750937500003 0.7939635843749999 0.4734852765625 0.7947499265625 0.47233273125 0.79531404375 0.46949929375000005 0.80476726875 0.4768694921875 0.8078466531249999 0.484558403125 0.806578115625 0.48529923437500005 0.8052145203125001 0.48648063124999996 0.8062609796875 0.48764787500000006 0.805591115625 0.4900345265625 0.81495959375 0.48566515312499997 0.8139920890625 0.48648644531249996 0.8152696140625 0.484977859375 0.815178646875 0.4664209171875 0.8472157078125001 0.4871621640625 0.86280393125 0.4992401828125 0.8510951578125001 0.49344402968749995 0.8283431374999999 0.49469938437499994 0.828044859375 0.49798455781250006 0.833154959375 0.5648800031250001 0.7626775453125 0.56336821875 0.76190366875 0.5651157296875 0.7612717421874999
0 0.18405385000000002 0.5563544171875 0.210982740625 0.5597051265624999 0.21719930937499998 0.5571414265625 0.21416659062500001 0.5494168484374999 0.22256125 0.5460999046875 0.22387449843749999 0.5303337234375001 0.21701054687500002 0.5158228546875 0.183839646875 0.525225071875 0.16491638125000002 0.5255616812499999 0.1686219234375 0.5401716015625 0.17400605 0.5521318281250001 0.18405385000000002 0.5563544171875
0 0.198240378125 0.5611321484375 0.20759165156249998 0.5785901453125 0.2328776234375 0.5809364328125 0.2368430296875 0.57650268125 0.2219649734375 0.56170090625 0.198240378125 0.5611321484375
0 0.2765316953125 0.6777415859375 0.2764875515625 0.6847921078125 0.2670225484375 0.6916243765625001 0.26392024687500004 0.70113954375 0.2721178875 0.7129544578125 0.2804497 0.7135493296875 0.2861480578125 0.705950478125 0.31058614218749997 0.686491009375 0.3259312984375 0.673652371875 0.3216566609375 0.67438575 0.31072879375 0.6718745625 0.2765316953125 0.6777415859375
0 0.18335951875 0.6856293859375 0.201003459375 0.687473325 0.20936245625 0.6878104921875 0.223528540625 0.6795179953125 0.1869426265625 0.6748719640624999 0.17715991250000002 0.6814002671875 0.18335951875 0.6856293859375
0 0.250141459375 0.692496259375 0.26110673125 0.70128485625 0.2594722921875 0.6968840296875001 0.27414636406250004 0.687091571875 0.27514364062499996 0.680952946875 0.2466618578125 0.672428303125 0.250141459375 0.692496259375
0 0.2812423828125 0.9381550453124999 0.3117391609375 0.9474726671875 0.301895115625 0.9147902921875 0.2941867625 0.8983367140625 0.2833591453125 0.89819111875 0.2693120140625 0.911987915625 0.252923696875 0.928084178125 0.2812423828125 0.9381550453124999
0 0.3084124328125 0.9193233765625 0.3382448671875 0.9183592484374999 0.339087528125 0.9103704374999999 0.3308694453125 0.885485296875 0.31752731875 0.882650278125 0.31067533125 0.884606046875 0.31028803437499997 0.9015418281249999 0.3084124328125 0.9193233765625
0 0.2831314625 0.893717634375 0.3065774921875 0.910191359375 0.30902392968750003 0.8869980343750001 0.298967646875 0.886171853125 0.2831314625 0.893717634375
0 0.7048131015625 0.7127122406249999 0.7146112609374999 0.7425136171875 0.7283628671875 0.7514146046875 0.7417067312500001 0.7641811453125 0.7633008625000001 0.778315671875 0.7651408 0.7641882343749999 0.75919431875 0.7542433749999999 0.7517917109375001 0.7216271265625 0.7524236515625 0.7023720124999999 0.7427479265625 0.6979379812500001 0.7299053125 0.6969994109375001 0.7236446015625 0.7066136296875001 0.7048131015625 0.7127122406249999
0 0.756396021875 0.73766435 0.7598569234375 0.754593603125 0.766919634375 0.7639041359375 0.771109240625 0.7440808234375 0.77345716875 0.728453428125 0.7796906953125 0.7190969109375 0.7806505687499999 0.7066808765625 0.7629522609375 0.705352346875 0.7554461453125 0.7035614765625 0.7531593234375 0.7053455375000001 0.7543588406249999 0.7138696234374999 0.756396021875 0.73766435
0 0.77038530625 0.7045199156249999 0.7796974359375 0.70576898125 0.7794016828125 0.675412746875 0.7622639859375 0.6621373265625 0.7541411546875 0.662877234375 0.7546611078125001 0.677843909375 0.7624051234375 0.690643375 0.77038530625 0.7045199156249999
0 0.7538847734375 0.70178395 0.763723596875 0.7046717578125 0.76638249375 0.702676259375 0.755950653125 0.6821984750000001 0.7538847734375 0.70178395
0 0.75244386875 0.6623882203125 0.72281541875 0.6879465796875001 0.729297071875 0.6961337765625 0.7459063328125 0.697838928125 0.7533852640625 0.6998875 0.75244386875 0.6623882203125
0 0.734279975 0.64557760625 0.7318504984375 0.661978115625 0.7158614375 0.67760523125 0.7211453156250001 0.6871998640625 0.7528516078124999 0.6585226671875 0.734279975 0.64557760625
0 0.6659553609375 0.6400719078125 0.6640967203125 0.6510606390625 0.6691920609374999 0.6723907203125 0.6870262828125 0.6724307328125 0.7050320796875 0.6675281156249999 0.7178662124999999 0.6718630953125 0.727026984375 0.6380709999999999 0.7194749859375 0.633399128125 0.7179033921875 0.6250864859374999 0.7087526171875 0.6123596765625 0.698748959375 0.6010865671875 0.689480975 0.5927869828125 0.6768014531250001 0.5903021890625 0.6756700062500001 0.6076608546875 0.6610757406250001 0.6067486765625 0.65667889375 0.6351687312500001 0.6659553609375 0.6400719078125
0 0.6796934859375 0.6756287578125 0.659135778125 0.6715645390625 0.6547795921875 0.6730710281250001 0.652322934375 0.6897292390625 0.6832563781250001 0.704855125 0.694928396875 0.7069434296875 0.7154112968749999 0.698452828125 0.7077029421875001 0.6819992484374999 0.6796934859375 0.6756287578125
0 0.66586555625 0.697295446875 0.6523875218749999 0.6957489453125 0.646745271875 0.7127639109375 0.6519186765625 0.7134578359375 0.6514022078124999 0.71835420625 0.671025484375 0.724645234375 0.6745644484375 0.7209383296875 0.673764190625 0.7119450984375 0.6744165734374999 0.7057602125 0.66586555625 0.697295446875
0 0.689591896875 0.7077957265625 0.6786640296875001 0.7052845390625 0.6775308390625 0.7127116828125 0.6899385296875 0.717773509375 0.7030971140625 0.709084525 0.70029208125 0.7058334296875 0.689591896875 0.7077957265625
0 0.5979147640625 0.7015098281250001 0.59993998125 0.70883791875 0.6109493968749999 0.7105759968750001 0.6233468656250001 0.7091027109375 0.64570036875 0.7060900140624999 0.650771784375 0.694486821875 0.6518403859374999 0.6810399734375 0.6507461171875 0.651622028125 0.6400170078125 0.6439105078125 0.633163278125 0.635934753125 0.6198024515625 0.629961028125 0.613393865625 0.6243971296875 0.5968678921875 0.6318503875 0.6119260046874999 0.6383131234375 0.6037318453125 0.64636125625 0.6143437421875 0.6585000015625 0.6207438484375001 0.66746030625 0.6025188484374999 0.6644930328124999 0.5982085484375 0.668880521875 0.5985636624999999 0.675461896875 0.5950246984375 0.6791688 0.5945354093749999 0.6838074640625 0.5992551921875 0.68548594375 0.5981491859375 0.69265538125 0.5979147640625 0.7015098281250001
0 0.6591014046875 0.5790421343750001 0.653673134375 0.5741324296875 0.6461313578125 0.5759956734375 0.642954246875 0.5729560203124999 0.633671040625 0.5813807734374999 0.634670059375 0.585173671875 0.6319567953125 0.587684578125 0.647269771875 0.598363096875 0.6591014046875 0.5790421343750001
0 0.6371778265625 0.6011910265625 0.6278861390625 0.6130121890625 0.6209186812499999 0.629326703125 0.634469784375 0.6334965015625 0.6431140859375 0.604600775 0.6371778265625 0.6011910265625
0 0.6158470421875 0.5878758734375 0.6090783421875 0.598990053125 0.6079910374999999 0.609298196875 0.601820353125 0.614742896875 0.6156704671875 0.6160779578125 0.622119715625 0.594728290625 0.6158470421875 0.5878758734375
0 0.6259118046875 0.585305646875 0.62218081875 0.580884953125 0.6158911859375 0.580825353125 0.6026510515625 0.5902874484375 0.6078074984375 0.5977741937500001 0.6172266171875 0.588060921875 0.6240344609374999 0.5931556734375001 0.6259118046875 0.585305646875
0 0.57534705625 0.673393178125 0.5841836015624999 0.7056790656249999 0.592578259375 0.7023621234374999 0.5863412515624999 0.6918555953125 0.5858110765625 0.67035380625 0.57534705625 0.673393178125
0 0.17557000312499998 0.361556328125 0.216931803125 0.377296953125 0.225834453125 0.37248004843750004 0.23719549999999998 0.360936459375 0.23467925312500001 0.348315509375 0.21219483593750002 0.3293572734375 0.19383392187499998 0.32767851718749996 0.1804663578125 0.335032721875 0.16699854375 0.3400213328125 0.1645316625 0.35014443125 0.17557000312499998 0.361556328125