0 0.1033931328125 0.9557404359375001 0.10685706718750002 0.9520696421875 0.10373684062499999 0.9457976578125 0.074832715625 0.9522311515625 0.1033931328125 0.9557404359375001
0 0.25663069374999997 0.79944736875 0.24678625156249998 0.793117240625 0.2326883359375 0.79368923125 0.20851908125000002 0.78969539375 0.19312463124999998 0.8003491125 0.17568203437500002 0.8051185984375 0.169283175 0.8068926140625001 0.1561301296875 0.8175657125000001 0.1521072109375 0.8357613 0.16679222968750002 0.8437103046875001 0.18628419375 0.8491776375000001 0.2020064390625 0.8490612593750001 0.2216892203125 0.8399585625 0.2275346125 0.8337641 0.23727815 0.8277925859374999 0.2485163671875 0.8232848546874999 0.25218395937500004 0.812214334375 0.253578953125 0.8057290671875 0.25663069374999997 0.79944736875
0 0.22163361093749998 0.7575113859375 0.21052260625 0.7523057625 0.20071179843750003 0.7500761828125 0.19184342031249998 0.7492425296875 0.1725159671875 0.7512201593750001 0.15958981249999998 0.76012895625 0.14965179374999998 0.7676127296875 0.13539303281249998 0.773797525 0.1230191265625 0.782774178125 0.1256843484375 0.7882221781250001 0.13104597812500002 0.79451354375 0.12802665468750002 0.8005432000000001 0.140859228125 0.80544830625 0.148752765625 0.805138071875 0.15866081406250002 0.8066115234375 0.1751297875 0.8050507421875001 0.192572384375 0.8002812562500001 0.207511828125 0.7888035515625 0.21894452343749998 0.7827835624999999 0.2313184296875 0.7738069109375 0.23157529375000002 0.763085384375 0.22163361093749998 0.7575113859375
0 0.1369335515625 0.8228877625000001 0.132160240625 0.8294699796874999 0.13882328906250002 0.8430899796875 0.1430156 0.8497497203125001 0.15942096875 0.8530456171875 0.1786835953125 0.851572071875 0.1666625765625 0.8447184765625 0.1521072109375 0.8357613 0.1561625421875 0.81731366875 0.1448582796875 0.817972896875 0.1369335515625 0.8228877625000001
0 0.0383551421875 0.8609562828125 0.06466611718750001 0.8570204468749999 0.0586861875 0.8468127203125 0.0441968703125 0.8417040468750001 0.0263329 0.849750096875 0.0383551421875 0.8609562828125
0 0.2901869359375 0.8002421640625 0.310360803125 0.8047691828125 0.324684390625 0.7980803 0.318412740625 0.7901409625 0.2876489296875 0.7850808125000001 0.2901869359375 0.8002421640625
0 0.482924553125 0.7192096875 0.4791523953125 0.7049207953125001 0.466774828125 0.700839675 0.45498314375 0.7009269578125 0.42860612187499997 0.7010142890625 0.42789424687500005 0.71091183125 0.433386753125 0.7205476140625 0.44199582499999995 0.7233976125 0.45567114999999997 0.72174959375 0.46613144375 0.7232909015625 0.472724784375 0.720004625 0.482924553125 0.7192096875
0 0.43734307812499995 0.5807315375 0.41541401093749997 0.5724044921875 0.401707496875 0.57865714375 0.3941729484375 0.58490008125 0.411585571875 0.58908781875 0.429129071875 0.5966199734375001 0.45634884062500003 0.58997951875 0.43734307812499995 0.5807315375
0 0.262557034375 0.386949728125 0.253102775 0.381947671875 0.229224021875 0.37133285781250003 0.2104176234375 0.3779829796875 0.2091846953125 0.3832080296875 0.1971349234375 0.38966425 0.213280984375 0.394976490625 0.21964743125 0.3934545171875 0.21776501406249998 0.3993678421875 0.2088678859375 0.41184400468750004 0.21653330781250002 0.40894548437499995 0.214749353125 0.4184552703125 0.2214111828125 0.42772267968750005 0.22791094374999998 0.43825030624999994 0.22736113906250002 0.4468876296875 0.23333862500000002 0.4483901765625 0.238535746875 0.4472365765625 0.24431387187500003 0.43284102031250005 0.25259636875 0.4295062703125 0.25931814062499997 0.42085922968749995 0.2600924 0.40175242187500004 0.262557034375 0.386949728125
0 0.3160485890625 0.46828192656249995 0.3158229171875 0.4743988203125 0.3283937421875 0.472615090625 0.3512952125 0.47338083906249995 0.368899875 0.46735113593750005 0.374322671875 0.46008064531250004 0.353273646875 0.46235879375 0.3444700953125 0.4610210546875 0.3684748390625 0.45756992656250006 0.390011284375 0.45586372031250005 0.3986179140625 0.4500085359375 0.40118101250000004 0.438802303125 0.4013406375 0.4288369078125 0.3947772671875 0.423165959375 0.39451551875 0.416477121875 0.38642506249999997 0.4095944328125 0.377752384375 0.4116011125 0.36947110781250003 0.4192884546875 0.368887665625 0.42382523125000005 0.3620350203125 0.4291278515625 0.365382140625 0.43363553593750004 0.37155532812500003 0.43797841249999997 0.3674315078125 0.44387235625 0.3541787796875 0.44659640468750006 0.33663894375000003 0.4521220203125 0.32663365624999996 0.4514046984375 0.3169237484375 0.4614767609375 0.3180294671875 0.46596506406250005 0.3160485890625 0.46828192656249995
0 0.18049235 0.2355399453125 0.173831740625 0.230625125 0.16869822343750002 0.2269220484375 0.1841611625 0.22882201562499999 0.19569231874999998 0.22639848749999997 0.2141433921875 0.2268734328125 0.227202859375 0.23001423437500002 0.24415925624999998 0.229025396875 0.2458471921875 0.22462432968749999 0.25737957031250003 0.22655339218749998 0.266083440625 0.21994207968750001 0.27040174375000003 0.212535875 0.271050009375 0.2074950109375 0.2568524125 0.20011795000000002 0.25022421562499997 0.1949510859375 0.23632077968749998 0.19401081874999998 0.233593175 0.197772084375 0.228526925 0.2022701015625 0.226871403125 0.2064191234375 0.20971930625000001 0.20456763125 0.1903918515625 0.2065452625 0.174410296875 0.2086779875 0.1704485453125 0.2133117140625 0.17009321718749998 0.22043678125000002 0.1662935296875 0.22381029218749998 0.1522916328125 0.21927356250000002 0.15053886875 0.2241787140625 0.15794620625 0.2276491296875 0.1730538203125 0.2366741640625 0.18049235 0.2355399453125
0 0.2529900859375 0.675083496875 0.234011853125 0.648173109375 0.2228335796875 0.6347663906250001 0.1761830109375 0.622377653125 0.1880431875 0.6348440546874999 0.20396479687500002 0.6506257796875 0.2529900859375 0.675083496875
0 0.29203029062499997 0.65504594375 0.318473359375 0.6588071171875 0.33698681875 0.6500727953125 0.32632837812500004 0.6369859765625 0.3127814890625 0.63327323125 0.29203029062499997 0.65504594375
0 0.07129675156250001 0.870892490625 0.06921985625 0.8783180749999999 0.058694734375 0.8772808546875 0.048496185937500005 0.8824283828124999 0.056554231249999996 0.8895631156249999 0.0656831375 0.8927330124999999 0.0740977296875 0.8970952703125 0.0844931984375 0.8991406625 0.0850166953125 0.9125183343750001 0.0963221796875 0.9162116984375 0.1055782984375 0.9096682421875 0.1005407984375 0.9008564437500001 0.104339265625 0.8931303406250001 0.10173887343750002 0.8871782546875 0.09030251406249999 0.880140471875 0.0917959703125 0.877251665625 0.0870501921875 0.8661714796875 0.07840870625 0.8635735234374999 0.07129675156250001 0.870892490625