0 0.24345395 0.17037331093750002 0.2413487875 0.1687719265625 0.2354727328125 0.1652486140625 0.2319238109375 0.1733668265625 0.22908582968750002 0.17837482031250002 0.228261009375 0.1801814015625 0.2272463875 0.17981525468749998 0.2273602671875 0.181118890625 0.2312450359375 0.18434445625 0.2343648203125 0.1863119859375 0.23853718437500002 0.18908020781249998 0.24202048125000003 0.19145948125 0.24251974999999998 0.1896757015625 0.24329052812500002 0.1835008671875 0.2443489 0.1768686890625 0.2452715171875 0.1724320375 0.24345395 0.17037331093750002
0 0.4956802921875 0.74424568125 0.4940364375 0.7404259718749999 0.4904392625 0.7367430609375 0.4887355734375 0.73598796875 0.48747131718750003 0.7365137140625 0.4776770375 0.7481297375 0.4764507421875 0.749090025 0.47551204062499997 0.7495929718750001 0.47577775781250004 0.7526347875 0.4773077328125 0.7551508609375001 0.47989028749999996 0.7584676234375001 0.483161909375 0.762173334375 0.48526707187499996 0.7637747187499999 0.48802334218750004 0.7653305015625 0.48993870624999997 0.7647591578124999 0.49011242031249996 0.7629981765625 0.49028613437499996 0.761237196875 0.49590805 0.7468529546875 0.4956802921875 0.74424568125
0 1 0.49562459687500005 0.99629854375 0.4532521421875 0.9918912390625 0.4515440234375 0.9794474890625 0.49657308437500003 0.9738796171875 0.5153255796875 0.983776196875 0.5198789328125 1 0.527510378125 1 0.49562459687500005
0 0.8898757890625 0.6335700359375 0.8904393953125 0.6475210875 0.8943460421875 0.6472474906250001 0.8937824359375 0.6332964390625 0.8898757890625 0.6335700359375
0 0.9036687203125 0.626483215625 0.8978203328125 0.612027871875 0.8960188499999999 0.6139028515625 0.9011402093750001 0.6275347046875 0.9036687203125 0.626483215625
0 0.9118294421875 0.6224140609375 0.90670808125 0.6087822093749999 0.902953275 0.6107939859375 0.9093768499999999 0.6243346390625 0.9118294421875 0.6224140609375
0 0.9072832703125 0.60786751875 0.9107987359375 0.6181142078125 0.913327246875 0.61706271875 0.9104628874999999 0.60677043125 0.9072832703125 0.60786751875
0 0.9082174671875001 0.5885651281250001 0.9004157578124999 0.5742465812499999 0.897312059375 0.5762127609375 0.90503785 0.5896622140625001 0.9082174671875001 0.5885651281250001
0 0.8416732375 0.614211240625 0.832449640625 0.6061131265624999 0.8300729703125 0.608902796875 0.839372484375 0.61787 0.8416732375 0.614211240625
0 0.7957598546875 0.6060594218750001 0.789313115625 0.62225024375 0.7927964125 0.6246295187500001 0.796866478125 0.6112283656249999 0.7957598546875 0.6060594218750001
0 0.7839035140624999 0.7328044484375 0.7775880265625 0.7280002984375 0.7728025140625 0.7257122234375 0.771803978125 0.7292797828124999 0.7773924375 0.7332604421875 0.7822538703124999 0.7364176078125 0.7839035140624999 0.7328044484375
0 0.5620919843750001 0.76582685625 0.5731608140625 0.7650516671875 0.5721301078125001 0.7607518140625 0.5624394125000001 0.7623048953125 0.5620919843750001 0.76582685625
0 0.797929353125 0.623395634375 0.8035937328125 0.6282453828125 0.803789321875 0.622985240625 0.798851971875 0.61895898125 0.797929353125 0.623395634375