0 0.0951539015625 0.9390477515625 0.0927266328125 0.9468423156249999 0.10166840156250001 0.9497988640624999 0.1137313296875 0.9400023578125 0.11588104531250001 0.9341911890624999 0.10884545625 0.931939021875 0.10839375625 0.93994211875 0.0951539015625 0.9390477515625
0 0.782191540625 0.5899090703125001 0.7700619109375 0.581081115625 0.7672876953125 0.591354925 0.777927478125 0.5965034046875 0.782191540625 0.5899090703125001
0 0.47806394843750005 0.5140305640625 0.47276039531249997 0.5185024796875 0.47019434687499995 0.5272887421875 0.48024499687500005 0.531871859375 0.48832276406249997 0.5171261328125001 0.47806394843750005 0.5140305640625
0 0.3836529390625 0.5010459 0.3868408 0.50691730625 0.40534883906249997 0.5083677609375 0.40652845156249995 0.499938325 0.389545625 0.49713934374999996 0.3836529390625 0.5010459
0 0.772455671875 0.07212215625 0.759838975 0.0763253015625 0.767289553125 0.085162528125 0.7780694578125 0.0797591546875 0.772455671875 0.07212215625
0 0.6558970625 0.059818728125 0.6069622109374999 0.027482003124999998 0.60231718125 0.032023428124999996 0.6532276031250001 0.06456868593750001 0.6558970625 0.059818728125
0 0.399319134375 0.7472419015625 0.3919379453125 0.737908825 0.3802559828125 0.7497582390625 0.38306153125 0.7631368937499999 0.39429179375 0.7592905765625 0.399319134375 0.7472419015625
0 0.0282074890625 0.8253083796875 0.092018884375 0.8038663187499999 0.098708871875 0.799037578125 0.026267285937500003 0.8200718453125001 0.0282074890625 0.8253083796875
0 0.3774965546875 0.6548703375 0.3920547984375 0.6463435734375 0.38841658125 0.6389151078124999 0.3692133109375 0.6519833015625001 0.3774965546875 0.6548703375
0 0.8678837343750001 0.4932879265625 0.8517662546875 0.49863106406249996 0.85460716875 0.506981715625 0.8729083859375001 0.5003595625 0.8678837343750001 0.4932879265625
0 0.023365559375 0.2582238671875 0.044231478125 0.252375609375 0.038929271875 0.24728736875 0.0224800671875 0.25022570625 0.02166060625 0.25608152500000003 0.023365559375 0.2582238671875
0 0.8555030171875 0.0517042125 0.840703928125 0.0476262171875 0.8390045703125001 0.05499444375 0.8546009609375 0.058150253124999995 0.8555030171875 0.0517042125
0 0.9807938843749999 0.07801189375 0.9755937453125 0.0865201140625 0.9872743609375 0.0842308546875 0.998188590625 0.0863205 0.998246459375 0.0830051765625 0.9977767109375 0.0808108765625 0.9807938843749999 0.07801189375
0 0.5683734546875 0.11699902031250001 0.592428578125 0.10746200937499999 0.587195759375 0.10187791875 0.564665846875 0.110066403125 0.5683734546875 0.11699902031250001