0 0.464854534375 0.5017233796875 0.45891677656249996 0.5080413578125 0.4556646640625 0.5205309 0.4563589828125 0.5354684203125 0.46071082968750005 0.5485786671875 0.466985053125 0.553767665625 0.52696311875 0.553561628125 0.5366125187499999 0.5564751359375 0.5427981578125001 0.551027728125 0.5485159703125 0.53958979375 0.550638659375 0.5253073890625 0.5492072515624999 0.5115852015625 0.5451312140625 0.49509613437500005 0.5349384921875 0.48320976718750003 0.5259637765625 0.4837526671875 0.464854534375 0.5017233796875
0 0.5519557765625 0.4310278375 0.5499923796874999 0.4355444015625 0.5464792984375 0.4395093015625 0.5460655828125 0.444577534375 0.5471260515624999 0.447215103125 0.5495228 0.4491114140625 0.5497492921875 0.458058409375 0.55460519375 0.45717929062499996 0.5613620874999999 0.45645535156249994 0.567767675 0.4561279015625 0.5712118 0.4530077078125 0.5734575546875 0.44893935625000003 0.5728928437499999 0.44804292500000004 0.573905746875 0.443448771875 0.5746707718749999 0.43798405 0.5764962625 0.43515689375 0.5788585359375 0.437475559375 0.5779639046875 0.428899190625 0.5751748265625001 0.42399468437500004 0.571049471875 0.41983143125 0.5684393203125 0.4166421984375 0.5646997500000001 0.411660103125 0.5599752046875001 0.407022771875 0.5576129359374999 0.40470410625 0.557992175 0.40005822812499997 0.5542591484375 0.39890316875 0.5495066734375 0.3985152265625 0.548101440625 0.40010118749999996 0.5437002750000001 0.39931675625 0.539305653125 0.40235936250000004 0.5365986171875 0.4042642234375 0.5404695515625 0.40372987031249996 0.5418813265625 0.40597094843750003 0.5427349375 0.41114263281249996 0.545241659375 0.41559892343750005 0.548285159375 0.4252010359375 0.55131556875 0.427149075 0.5519557765625 0.4310278375
0 0.5365837734375 0.41616768750000005 0.5363638296875 0.4110477296875 0.5220095203125 0.4149780015625 0.5192680078125 0.417305215625 0.520824234375 0.42168392031249996 0.5365837734375 0.41616768750000005
0 0.49943067656249995 0.4258899171875 0.49795649218750004 0.42832058125000005 0.500215334375 0.43190630468749996 0.5162506859375 0.42301125156249997 0.517160159375 0.41968415625000005 0.51553498125 0.4161501578125 0.49943067656249995 0.4258899171875
0 0.5000477437499999 0.4574026421875 0.509513425 0.4352163046875 0.505284640625 0.432320109375 0.49624576249999997 0.4570922890625 0.5000477437499999 0.4574026421875
0 0.4665884046875 0.445317709375 0.4836973140625 0.446714296875 0.4848136453125 0.4408530828125 0.4684073546875 0.43866351562499994 0.4665884046875 0.445317709375
0 0.49563827812500005 0.4723487125 0.49083169375 0.4609020140625 0.4861202390625 0.46391875625 0.48972845156249994 0.4744173 0.49563827812500005 0.4723487125
0 0.4429752734375 0.468900203125 0.46224789375 0.4594190734375 0.46076061875 0.4541956625 0.443595846875 0.46129785468750006 0.4429752734375 0.468900203125
0 0.4726195421875 0.4730207109375 0.47664146875 0.47845102187500005 0.48318495937500006 0.4764341609375 0.47556791093750006 0.4681593828125 0.4726195421875 0.4730207109375
0 0.47781366406250003 0.4640910296875 0.4720679203125 0.4797783546875 0.4758698984375 0.4800887078125 0.48161564375 0.4644013828125 0.47781366406250003 0.4640910296875
0 0.470097978125 0.480467884375 0.47576168125 0.4579711921875 0.4713260359375 0.45760911249999997 0.46566233593749995 0.4801058046875 0.470097978125 0.480467884375
0 0.4852535390625 0.451093 0.46251061406250005 0.4483861765625 0.46146323437500003 0.45340268281249996 0.4854734875 0.45621295625 0.4852535390625 0.451093
0 0.5439677875 0.4116684359375 0.5371615734375 0.42471819218749995 0.5395583234375 0.42661450624999997 0.54595081875 0.4186329796875 0.5439677875 0.4116684359375
0 0.5400540781250001 0.4283556421875 0.5390067000000001 0.43337214843750005 0.5408387375 0.43437202968750005 0.5492011765625 0.4257009765625 0.5472181453125 0.41873643125 0.5400540781250001 0.4283556421875
0 0.5417185265625 0.4548518625 0.5419122953125 0.44466367343749996 0.538110315625 0.44435331875 0.5384123046875 0.4562826453125 0.5417185265625 0.4548518625
0 0.6122865640625 0.184253746875 0.6193258125 0.183978021875 0.6198084828125 0.178065084375 0.6114329515625 0.1790820625 0.6122865640625 0.184253746875
0 0.01854825 0.5498999453125 0.0299541875 0.5508310046875 0.0291695296875 0.5448146171875 0.019595628125 0.5448834406249999 0.01854825 0.5498999453125