0 0.290560796875 0.13783093125 0.31270690624999997 0.1257834078125 0.3077781359375 0.1224185734375 0.285832775 0.1332699859375 0.290560796875 0.13783093125
0 0.27859288437499996 0.16772356093750002 0.2741732859375 0.17134492031249998 0.2882619046875 0.178582475 0.2936982578125 0.1775869671875 0.29160598437499996 0.174689390625 0.27859288437499996 0.16772356093750002
0 0.35828143125 0.228316003125 0.352939734375 0.230083521875 0.356711353125 0.2410110265625 0.3621836 0.2431416546875 0.3673596484375 0.24002311718749997 0.364391809375 0.229984440625 0.35828143125 0.228316003125
0 0.382963553125 0.26528611562500004 0.3849367140625 0.2615454078125 0.378164540625 0.2601461625 0.37297705468750003 0.2660048359375 0.36136092343750004 0.2760994359375 0.3646348046875 0.277300609375 0.3769959546875 0.270448965625 0.382963553125 0.26528611562500004
0 0.5029506718750001 0.3088789234375 0.48258999999999996 0.3269882546875 0.4873294578125 0.328809065625 0.49710298125 0.326353321875 0.51062128125 0.31193900625 0.507181753125 0.30938680937499996 0.5029506718750001 0.3088789234375
0 0.4636097828125 0.413024421875 0.4662455328125 0.4146877921875 0.54513140625 0.39789879375 0.5496342249999999 0.3977895765625 0.5417147453125 0.38986633125000003 0.5201302171875 0.3611597765625 0.5179783859375 0.3549430609375 0.51466940625 0.3562890140625 0.44390454999999995 0.3854784171875 0.44542968437499997 0.3894171921875 0.4499218625 0.397721378125 0.4636097828125 0.413024421875
0 0.5333310390625 0.35832309375000004 0.5286854437499999 0.351601025 0.5239108875 0.3523273421875 0.5234857296875 0.3545265609375 0.519148559375 0.3559867953125 0.5213240546875 0.3623965140625 0.5378729296875 0.3840330890625 0.544397825 0.3919157078125 0.548664796875 0.39554973125 0.5533446984375 0.39405140312500003 0.556689571875 0.39583158906250004 0.5580482625000001 0.392746078125 0.5502936375 0.3805005828125 0.5423619296875 0.3696442015625 0.5333310390625 0.35832309375000004
0 0.46363582968749995 0.43023722812500004 0.4640633703125 0.4450578125 0.4676922109375 0.4491540328125 0.47539712500000003 0.4439937171875 0.4734803453125 0.42836049374999996 0.46858746875 0.428121796875 0.46363582968749995 0.43023722812500004
0 0.6006913234375 0.5762052875 0.60286681875 0.58261500625 0.614200571875 0.581550909375 0.6472675078125001 0.5735716421875 0.644063825 0.5672762046875001 0.6096023046875 0.5752148453125 0.6006913234375 0.5762052875
0 0.5271298390625 0.6364199078125 0.559300721875 0.643799609375 0.58546731875 0.647542753125 0.600380996875 0.6388423328124999 0.5957361953125 0.63779353125 0.5744037125 0.6366432109375 0.5439823734375 0.632199178125 0.5346691046875 0.6299085734375 0.5271298390625 0.6364199078125
0 0.8916302140625 0.6880493671875 0.8942545296875 0.6924528703124999 0.90413414375 0.6880290046875001 0.9305448421875001 0.6625957046875001 0.9178867 0.6585249125 0.8924331999999999 0.6832649234375 0.8916302140625 0.6880493671875
0 0.269002659375 0.46634725625 0.27148419375 0.46391947343749995 0.2624182078125 0.4551454953125 0.25835198125000003 0.45031535937499995 0.2515447078125 0.45146324375 0.24732585624999998 0.45388849374999996 0.2590634875 0.46745197968749996 0.269002659375 0.46634725625
0 0.2388230375 0.415706975 0.2426518296875 0.41293381250000005 0.2402641546875 0.4104603390625 0.21884845 0.40579787500000003 0.212206825 0.408296778125 0.211828996875 0.4108820015625 0.23424922656249997 0.4152371796875 0.2388230375 0.415706975
0 0.4454649546875 0.5568751 0.45187152812500003 0.5637927046875 0.4685584140625 0.5582209546875 0.4885779453125 0.55149625625 0.4841453234375 0.5465112125 0.47388708749999997 0.5478470328125 0.4454649546875 0.5568751
0 0.4697663828125 0.49157147968750003 0.473714290625 0.4954366015625 0.49508107656250006 0.488366525 0.514048753125 0.48156310312499995 0.510762640625 0.47742879218749995 0.4891714453125 0.48550197656250005 0.4697663828125 0.49157147968750003
0 0.6155076515625 0.6318789359375 0.5382447453125 0.6760717953125 0.568127375 0.7157896390625 0.58300675 0.7153096171875 0.61582640625 0.713813725 0.6337666875 0.7127978546875 0.6543778171875 0.7108982234375001 0.6861333890625 0.7063904734374999 0.6791099625 0.6831082609375 0.6749009578125 0.6714468421875 0.665763978125 0.6620938546875 0.65649724375 0.6545159890625001 0.635895959375 0.64232895 0.6155076515625 0.6318789359375
0 0.749138540625 0.713081853125 0.73403555 0.7202382515625 0.7116879 0.7278086171875 0.6976016656249999 0.7375908671875 0.714868715625 0.7395843171875 0.7360706484375 0.736836490625 0.761266228125 0.7269932515625 0.775506678125 0.7213021546875 0.783116934375 0.7153698281249999 0.7914958734375 0.712873459375 0.7819925 0.7033655624999999 0.7606257125 0.710435640625 0.749138540625 0.713081853125
0 0.628579515625 0.636490640625 0.6389446375000001 0.638859965625 0.6522866484375001 0.6315080328125 0.6526857578125 0.61209600625 0.6405482234375001 0.6122712781249999 0.63161516875 0.624415253125 0.628579515625 0.636490640625
0 0.730431821875 0.9798524937499999 0.7361883515625001 0.98332095625 0.7559052140625 0.98112945625 0.7591623796875 0.9790067312499999 0.7941306890625001 0.9610344812499999 0.7804198984374999 0.951211703125 0.730431821875 0.9798524937499999
0 0.7285398109375001 0.88791965625 0.725692675 0.895865796875 0.732277125 0.9070675578125 0.752841721875 0.9104551890625 0.762306025 0.8941438749999999 0.7285398109375001 0.88791965625
0 0.5442844421874999 0.5949953390625 0.5411770015624999 0.6008184484375 0.5470629703125 0.60348999375 0.5746217671875 0.590253959375 0.5756728265625 0.5846594125 0.5495788109374999 0.5928418140625 0.5442844421874999 0.5949953390625
0 0.2197895875 0.12163418749999999 0.24439515625000002 0.1183124171875 0.244087525 0.11580338125 0.219682703125 0.1179290421875 0.2197895875 0.12163418749999999
0 0.7321438984374999 0.9837704921875 0.725454928125 0.9704283859375 0.6796123265625 0.9790451156250001 0.6838605078125 0.9891371187500001 0.7321438984374999 0.9837704921875