0 0.5186193671875 0.6981752734375 0.5241151390625001 0.699654221875 0.53310160625 0.699968228125 0.5377677375000001 0.6927315109375 0.5369380968749999 0.684015846875 0.5403036250000001 0.6770554125 0.5379304781250001 0.6650685265625 0.538418259375 0.6557554359375 0.5342230890625 0.65400020625 0.5290543249999999 0.65446305625 0.526972575 0.661468346875 0.525059028125 0.6652622296875 0.5204097171875001 0.6721778031250001 0.5214748375 0.6763974953125 0.5195949296875 0.67954909375 0.5180999140625 0.6917225484375 0.5186193671875 0.6981752734375
0 0.4951368890625 0.8109249921874999 0.49887049375 0.813307553125 0.5005915953125 0.80500274375 0.49774748593749996 0.80200780625 0.4951368890625 0.8109249921874999
0 0.4792343984375 0.197797809375 0.4811553734375 0.20204740625 0.48556920468750003 0.199627803125 0.48593924531250005 0.1925627015625 0.48186181406250006 0.18855948281249998 0.479142871875 0.1913600359375 0.4792343984375 0.197797809375
0 0.5095997031249999 0.624827684375 0.5129221984375001 0.6268741515625 0.5161699890625 0.62216170625 0.512897953125 0.6191518140625 0.5095997031249999 0.624827684375
0 0.42928506562499996 0.7503910921875 0.4293765921875 0.7568288640625 0.431775953125 0.7601299890625001 0.438841446875 0.7561944 0.4354610640625 0.747067878125 0.42928506562499996 0.7503910921875
0 0.408554725 0.933373840625 0.41358150312499997 0.927436640625 0.40904250624999994 0.92406075 0.405282690625 0.9303639499999999 0.408554725 0.933373840625
0 0.5456421140625001 0.7306489203125001 0.5404639578125 0.7394763890625 0.5563645359375 0.7387450734375001 0.5550565093750001 0.7309778796875 0.5456421140625001 0.7306489203125001
0 0.5955001156249999 0.44991322968749997 0.591901071875 0.44496154062500004 0.5911723515625 0.4343190296875 0.5762191546875 0.44151802343749996 0.5739355640625 0.45237700781249995 0.5884009828125001 0.45449110312499996 0.589081209375 0.44968894062500003 0.5955001156249999 0.44991322968749997
0 0.5683537249999999 0.4689118609375 0.572649815625 0.46874024687500004 0.5771982062500001 0.4637515171875 0.572332203125 0.458433828125 0.5724593375 0.4478212234375 0.5659637562500001 0.4572461171875 0.5683537249999999 0.4689118609375
0 0.57861045 0.23215617187499998 0.5854068234375001 0.23335883750000003 0.5977419984375001 0.2270335515625 0.5929432765625 0.2204312984375 0.5918445171875 0.21685388906249997 0.582430121875 0.21652493125 0.569642771875 0.2151129296875 0.57401356875 0.221700228125 0.57861045 0.23215617187499998
0 0.5013880937499999 0.1104182296875 0.5055496234375 0.11281574375 0.5073548265625 0.10290523124999999 0.503142834375 0.101471140625 0.5013880937499999 0.1104182296875
0 0.5790041 0.028193907812500002 0.576034825 0.0194034796875 0.5715705343749999 0.0227865046875 0.5727103625 0.033765109375000005 0.5782061328125 0.0352440578125 0.5847091375 0.0338626421875 0.5886445828125 0.032391509375 0.5790041 0.028193907812500002
0 0.44395124375000006 0.6177078609375 0.449052728125 0.6185295749999999 0.45248553906250005 0.6102845765625 0.4465618375 0.6087906750000001 0.44395124375000006 0.6177078609375
0 0.39959885 0.8178820140624999 0.403130615625 0.8241182671875 0.4079050921875 0.8229981828125 0.4111865203125 0.8176434546875001 0.4062458109375 0.8055668515625 0.39959885 0.8178820140624999
0 0.4981319359375 0.8847055265625 0.505053475 0.8917036828124999 0.51591985 0.8888660890625 0.5171981734375 0.864459371875 0.510276634375 0.8574612140625 0.5023310390625 0.8536445640625001 0.4981319359375 0.8847055265625
0 0.54881234375 0.8829373875 0.5489058359375 0.8729670640625 0.5510885062499999 0.8640349265625 0.5559060171875 0.853907940625 0.5483883515625 0.850106240625 0.5430776015625 0.845094740625 0.5410967734375001 0.8501731875 0.5376135015625 0.8593816078125001 0.5427392328125 0.8679256593750001 0.5424438968749999 0.881749675 0.54881234375 0.8829373875
0 0.502313778125 0.9276415703125 0.5020278375 0.9331009671875 0.5047542046875 0.9383438921874999 0.51024255 0.9317793625 0.50881678125 0.9262601546875 0.502313778125 0.9276415703125
0 0.4612758171875 0.9171992140624999 0.4557295859375 0.9166836890625 0.45524180468750003 0.9259967781249999 0.4547372046875 0.935631009375 0.456146153125 0.9414713562499999 0.46197832187500004 0.9365274859375001 0.4664930734375 0.9321810375 0.46694721406250006 0.9235102296875001 0.4622736578125 0.92270346875 0.4612758171875 0.9171992140624999
0 0.558654028125 0.6786618 0.5562620921875 0.6834041515625 0.5548511781250001 0.6939719 0.55996948125 0.6944724734375 0.5604404421875 0.6854805234375 0.5633107640625 0.6797897015625 0.558654028125 0.6786618
0 0.513421784375 0.51911248125 0.5181962625 0.517992396875 0.5205881984375 0.51325004375 0.514303853125 0.5104566265625 0.513421784375 0.51911248125
0 0.5598436765625 0.48405748125 0.5638557953125 0.47293716874999997 0.5557326078125 0.48069654531249995 0.5598436765625 0.48405748125