0 0.46740815312499995 0.283798525 0.463764146875 0.28986398125 0.4699822453125 0.31133377812499996 0.483245396875 0.31603392656249996 0.5332804765625 0.30963836875 0.544268465625 0.3033162984375 0.54399653125 0.28731867499999997 0.5420433296875 0.271637978125 0.519606453125 0.2646765875 0.46366768125 0.277216559375 0.46740815312499995 0.283798525
0 0.5900775203124999 0.356707853125 0.6183775984375 0.3567517078125 0.617045290625 0.35292556875000003 0.58822078125 0.353674578125 0.5900775203124999 0.356707853125
0 0.3863718453125 0.3034117640625 0.412034303125 0.2963187578125 0.40557720625 0.291897153125 0.3821609375 0.29865349218750004 0.3863718453125 0.3034117640625
0 0.5311994953125 0.1834613390625 0.5678114265625 0.1801166078125 0.56584670625 0.17502166875 0.5309025468749999 0.17779176875 0.5311994953125 0.1834613390625
0 0.5718499312499999 0.419307825 0.5648549093749999 0.4154213765625 0.556394578125 0.4159751765625 0.5611974046875 0.42122912343749996 0.5718499312499999 0.419307825
0 0.6623632140625 0.515802365625 0.6527055515625 0.51510710625 0.646626390625 0.51790131875 0.6473532843750001 0.520974071875 0.65537016875 0.52275938125 0.66214923125 0.52252250625 0.668174403125 0.5186974625 0.6623632140625 0.515802365625
0 0.6229912875 0.72578708125 0.634962625 0.7274342140625001 0.6268242609375 0.723329534375 0.6229912875 0.72578708125
0 0.5975049984374999 0.077098178125 0.5991842859375 0.065937784375 0.5882348109375 0.062189510937500005 0.589071665625 0.07816739375000001 0.5975049984374999 0.077098178125
0 0.0548351203125 0.12187812812500001 0.0649342421875 0.1093908109375 0.05288191875 0.1061974328125 0.0436041734375 0.12356145781250001 0.048285520312500003 0.1264960359375 0.0548351203125 0.12187812812500001
0 0.2251711734375 0.035116071875 0.2125249515625 0.0205835515625 0.20308325468750002 0.024011615625 0.2105911890625 0.0376909625 0.2251711734375 0.035116071875
0 0.8418841468749999 0.34506923437500003 0.8699817578125 0.341247471875 0.8703442156250001 0.337362115625 0.84215211875 0.33937992499999997 0.8418841468749999 0.34506923437500003
0 0.6974042015624999 0.6013262484374999 0.7087026359374999 0.6009314578125 0.705405609375 0.5920103828125 0.6941341703125 0.5929205890625 0.6974042015624999 0.6013262484374999
0 0.3617906515625 0.633707634375 0.3733030671875 0.626592703125 0.3686892109375 0.6249466640625 0.3582661453125 0.63124899375 0.3617906515625 0.633707634375
0 0.13183833125 0.187346846875 0.131284925 0.1767808265625 0.1115126625 0.1774717109375 0.11497166249999999 0.1894852796875 0.13183833125 0.187346846875