0 0.78266035 0.18051066093749998 0.6884972874999999 0.195035253125 0.7028613484374999 0.2025990078125 0.7201683703125 0.21267722031249997 0.7335439640625 0.2140283734375 0.74196315625 0.22362319375 0.7966658875 0.2145613359375 0.8079880765624999 0.210296828125 0.8204628984375001 0.20668750624999999 0.9236253453125001 0.186337609375 0.920373015625 0.1715042328125 0.8099089328125 0.1824136421875 0.7998509296874999 0.1810246390625 0.78266035 0.18051066093749998
0 0.7201683703125 0.21267722031249997 0.7126324140625 0.2077924484375 0.699456065625 0.20138472968749999 0.6673338796875 0.1931046171875 0.6740903984375 0.21846607968749998 0.6894078453125 0.231741590625 0.7529443625 0.24609602812500003 0.776097346875 0.24482936875 0.7824694562500001 0.2409972765625 0.7800063484375 0.2374330703125 0.7766249281250001 0.2286579640625 0.7535947078125 0.23167760781250002 0.744601646875 0.22969165937499997 0.7341465890625 0.21473160624999998 0.7201683703125 0.21267722031249997
0 0.448193775 0.3510765578125 0.43399877499999995 0.3538283140625 0.4253326171875 0.3644117140625 0.42631475781250006 0.37843556875 0.44039188281249997 0.3898037640625 0.46074220937500004 0.3880260546875 0.468893434375 0.3779915546875 0.467981446875 0.3649694 0.459474565625 0.35412245000000003 0.448193775 0.3510765578125
0 0.3615209734375 0.4488488734375 0.375516728125 0.4511536828125 0.38974680625 0.4489027796875 0.3967103234375 0.4377122390625 0.3977465109375 0.42880319062499994 0.39186690625 0.4159630265625 0.38481080625 0.4100285046875 0.37693530000000003 0.40819689062500003 0.3604174953125 0.40938785 0.34637401562500003 0.42220469375 0.3504394296875 0.4407464140625 0.3615209734375 0.4488488734375
0 0.5639276796875 0.470725 0.3274877140625 0.5001978078125 0.309260946875 0.5085928796875 0.30162465156249996 0.5180784828125 0.29834702812499997 0.5344901171875 0.30828715624999997 0.5499990703125001 0.3277416 0.55913381875 0.55806620625 0.5450607468750001 0.5717813484375001 0.543358740625 0.57892025 0.5346724625 0.5833154281249999 0.5184151609375001 0.5868799890624999 0.498199090625 0.5773144890624999 0.48013783125 0.5639276796875 0.470725
0 0.71443574375 0.4784898484375 0.7069762640625 0.466795528125 0.577209259375 0.47863527499999997 0.5804328359375 0.485156546875 0.5869262796875 0.5067616203124999 0.5828053890625 0.534836990625 0.7104951265625 0.5249424109375 0.7164112421875 0.5145992421875001 0.718273159375 0.49377603125 0.71443574375 0.4784898484375
0 0.7259485828125001 0.6112738796875 0.733175175 0.60383973125 0.7318008687499999 0.5921177546874999 0.72755375 0.578883025 0.6995033 0.5813333796875 0.633046246875 0.5805878437499999 0.55674165 0.5814584171875 0.5164331609375 0.5827119515625 0.48786777968750006 0.5857112046874999 0.45884007968749996 0.590010634375 0.440893921875 0.602412521875 0.43840062968750004 0.6142203953125 0.4433556 0.6296609125 0.45438452968750004 0.6370120921875 0.5119712875 0.6375246640625 0.541689303125 0.635180596875 0.6913506421875 0.615052065625 0.7259485828125001 0.6112738796875
0 0.760592815625 0.6160582234375 0.7657133843749999 0.6022571375 0.7655681875 0.5843807984375 0.7592788796875001 0.5735920890624999 0.686379565625 0.575676940625 0.6318936140625 0.5799326578125 0.6978532734375 0.5814775187500001 0.7264537328125 0.57897911875 0.7316430234375 0.5898639203125 0.7315777625 0.6047351484375 0.7254161125 0.6115723515625 0.691830496875 0.614002315625 0.6415278343749999 0.6226798046875001 0.60804745 0.6266123265625 0.658396403125 0.6264973656249999 0.760592815625 0.6160582234375
0 0.5257439374999999 0.65244686875 0.5222383171875 0.6656029640625001 0.524677565625 0.676727996875 0.601227696875 0.6793633875 0.6548767015625 0.678960153125 0.6642093140625 0.6778929421875 0.671499734375 0.6792717500000001 0.6874499921874999 0.6778784109375 0.6949508718749999 0.68226233125 0.738009403125 0.6807685640625001 0.755914159375 0.6756770765625 0.7753461734375 0.66868846875 0.8907954124999999 0.6578474953125 0.9128308421875 0.6564265015624999 0.9203029687500001 0.6524983171875001 0.92008129375 0.641431525 0.9157752390624999 0.6352567734375001 0.89029945 0.6349626359375 0.7687713625 0.6380200109375 0.7495098390625 0.6316399484375 0.7279191875000001 0.6315103421875 0.5549884203125 0.6433412984375 0.5369258203125 0.646178953125 0.5257439374999999 0.65244686875
0 0.3626500921875 0.741525521875 0.4055444578125 0.7455891734375 0.4338229046875 0.74639435625 0.480023646875 0.742358478125 0.6457053937499999 0.7218383140625 0.6594906921875 0.7211380109375 0.6710233390625 0.7198786140625 0.6879859203125 0.7171370546875 0.6961371468750001 0.707102553125 0.694646396875 0.685816340625 0.6912474375000001 0.676790809375 0.6731848390625 0.6796284640625 0.6631443734375 0.6784898859374999 0.653279290625 0.6798555687500001 0.509827325 0.6780252421874999 0.46059592968749996 0.678294534375 0.423762875 0.6817640546875 0.376707653125 0.6894019890624999 0.359896590625 0.7022086359374999 0.3537286171875 0.7168570937500001 0.3552607671875 0.7308329046875001 0.3626500921875 0.741525521875
0 0.5633952078125 0.471023471875 0.5766417125000001 0.47843289375 0.70804120625 0.466198584375 0.71188494375 0.4736735140625 0.717724584375 0.47013989218749996 0.7068661453125 0.449420040625 0.703672753125 0.427526690625 0.6996010171875 0.416796221875 0.5354465296875001 0.4354192671875 0.545579578125 0.45368290624999996 0.5518099484375 0.4715315890625 0.5633952078125 0.471023471875
0 0.871983209375 0.3813291265625 0.8811467609375001 0.369946403125 0.8932294187500001 0.3686389609375 0.8963190109375001 0.36534557031250003 0.906219171875 0.364480740625 0.9081561328125 0.360532165625 0.919636165625 0.3585214921875 0.9259430125 0.369560628125 0.92930689375 0.37808530625 0.935871925 0.3770079 0.9364633328125 0.36964945312499997 0.949131075 0.36879481875 0.97578335625 0.36218331406250004 0.9832243046875 0.357809928125 0.9799133531249999 0.310533321875 0.9567814468750001 0.3200025265625 0.937776675 0.32519010625 0.93151611875 0.3227135015625 0.89963314375 0.3257506046875 0.860383275 0.33421845 0.8536014625 0.340101996875 0.79245014375 0.3598054953125 0.7297715671875 0.38140611562500004 0.72719690625 0.38415060625 0.76621245625 0.380238478125 0.7723502437499999 0.38096209999999997 0.7822714000000001 0.419904809375 0.8283907749999999 0.40680554999999996 0.8479806312499999 0.402070775 0.8644521453125 0.39231728593750004 0.871983209375 0.3813291265625
0 0.69653909375 0.7365465343750001 0.7043858468749999 0.7300660437500001 0.69758160625 0.7198262328125 0.690390090625 0.7277612343750001 0.6861541890625 0.7225881843749999 0.6721935078125 0.720784228125 0.6649318421875 0.727717525 0.659273909375 0.7259441515625 0.6581324921875 0.7333506453124999 0.6497771296875 0.73256878125 0.65110514375 0.7357282265625 0.6530708578125 0.7400917578125 0.6445513296875001 0.7448673109375 0.6458379437499999 0.7553371578125 0.653086965625 0.7640263671875 0.6970350546875 0.7594313953125 0.707151996875 0.7537604250000001 0.705917996875 0.74404185625 0.69653909375 0.7365465343750001
0 0.6198633296875 0.7795265296875 0.628862715625 0.773701225 0.630536603125 0.765996259375 0.6213218687500001 0.7529435203125 0.6193449390625 0.7405183125 0.609510040625 0.7265119171875 0.583729778125 0.7297717890625 0.5788372046875 0.7468284140625 0.5739860328125 0.756574640625 0.5748341906250001 0.760783834375 0.584025065625 0.7813974 0.5907303984375 0.782323403125 0.590016221875 0.7879288671875 0.610752390625 0.79166053125 0.6210622531250001 0.7887442453125 0.6198633296875 0.7795265296875