0 0.5460754734375 0.2569764125 0.5500703687499999 0.2541606234375 0.560332346875 0.21310096562499997 0.5218498265625 0.23461366093749997 0.44191175156250007 0.2753351171875 0.18533147656249999 0.40480527187500004 0.188211946875 0.4247723328125 0.2760563265625 0.52029373125 0.37292895000000004 0.604805221875 0.4878655796875 0.5428269921875 0.6726800140625 0.445602125 0.6992704015625 0.41487367343750003 0.7000333249999999 0.40297811250000004 0.5460754734375 0.2569764125
0 0.5938098562499999 0.2912534390625 0.6077521406249999 0.27931632031250003 0.6102404609375001 0.26755139687499996 0.5959022843749999 0.2261882953125 0.56643784375 0.22603626875 0.55499083125 0.24231999062499998 0.5559137125 0.2657768046875 0.5833745453125 0.2917626140625 0.5938098562499999 0.2912534390625
0 0.6076692140625 0.280609315625 0.609882534375 0.2893521046875 0.619083584375 0.291867734375 0.6467065296875 0.29369931875 0.7036446468750001 0.2980103234375 0.720344353125 0.29173893125 0.7219301171875 0.277826834375 0.7210040249999999 0.2598267296875 0.7079140125000001 0.2476618765625 0.6097391625 0.253741134375 0.6101907046874999 0.26832719374999997 0.6076692140625 0.280609315625
0 0.663632009375 0.29472095781249996 0.6179322515625 0.293599546875 0.602732165625 0.2927085453125 0.5979839828125 0.29104976875 0.5981402 0.30483390312499997 0.6076531578125001 0.307892859375 0.6213402390625 0.3107481453125 0.6392811640625 0.3175634734375 0.6947431890625 0.3448897984375 0.7035194437500001 0.3432155890625 0.7096907515625 0.32809155 0.7100652625 0.30603224375 0.6928974265625001 0.2979761734375 0.663632009375 0.29472095781249996
0 0.6978991890625 0.3713740921875 0.702378271875 0.35560221875 0.6983566265625 0.34802178906250003 0.6415972078125 0.319297959375 0.6220469859375 0.3105418015625 0.6127464234375 0.309577765625 0.608549290625 0.3209534515625 0.676809746875 0.38121094375000003 0.68811444375 0.383366140625 0.6978991890625 0.3713740921875
0 0.7871902640624999 0.298359221875 0.7880682250000001 0.23060357812499999 0.774975 0.22389543125000003 0.731362303125 0.2226721859375 0.722844990625 0.2311222265625 0.7207991093749999 0.300868284375 0.7298145093749999 0.3116852125 0.7793101421874999 0.31309402343750004 0.7871902640624999 0.298359221875
0 0.8877630265625 0.2386715625 0.8821320796875 0.2291503015625 0.865933140625 0.22220701250000002 0.7882672484375 0.2275003859375 0.7897015921875 0.27542228281250003 0.869799625 0.270053196875 0.886927340625 0.26251493593749997 0.8893659046875 0.2515258109375 0.8877630265625 0.2386715625
0 0.7908967890625 0.3108530359375 0.7875556687499999 0.319694984375 0.79117926875 0.3334817953125 0.79894703125 0.342125421875 0.8048433421875 0.347509096875 0.82378954375 0.349463296875 0.9098133203125001 0.327392453125 0.9126167609375001 0.3107141453125 0.9053133828125001 0.2948297421875 0.8910388640625 0.28491389843750003 0.8816885484375 0.284725659375 0.798657603125 0.303385134375 0.7908967890625 0.3108530359375
0 0.8051397234375001 0.4023609125 0.802422421875 0.41228951406250003 0.8056378125 0.421627884375 0.8146863828124999 0.431927615625 0.8277132640625 0.43967015781249996 0.843865659375 0.44193253749999994 0.85354768125 0.4369487921875 0.9217530546875 0.395339009375 0.9218092328124999 0.38364979374999997 0.9140944359375001 0.368773659375 0.9025110015625 0.3655579390625 0.8899918390625 0.36071224375 0.8739357421875 0.36235497968749997 0.8051397234375001 0.4023609125
0 0.7498638765625001 0.3937582328125 0.772831721875 0.4032928625 0.7941667328124999 0.395033734375 0.804854034375 0.3851888625 0.8089516546875 0.37536476875 0.7704841328125 0.31554403125 0.7373730875 0.3127772109375 0.7206070359375001 0.3200829984375 0.713699025 0.330473871875 0.7498638765625001 0.3937582328125
0 0.7364683765625 0.3701366359375 0.7245928296875 0.3606622828125 0.7100663203125 0.360082134375 0.70165173125 0.36152387343750003 0.6985230062500001 0.37246074375 0.68811444375 0.383366140625 0.67720458125 0.3804612734375 0.70074006875 0.40277176875 0.7000269015625 0.4138915328125 0.69394173125 0.4222658640625 0.705316509375 0.4449549015625 0.71397345625 0.45054759375 0.7322129125 0.4527081375 0.7505882625 0.447343178125 0.7663688296875 0.43918321406249994 0.7690695468750001 0.42951320937500004 0.7364683765625 0.3701366359375
0 0.621240690625 0.4799061203125 0.5743869140625 0.5129981765625 0.5519337390625 0.52247191875 0.5457490578125 0.532397846875 0.5512970765625 0.5432121046875 0.5670482140625001 0.557137571875 0.5825404078124999 0.5642872062500001 0.5935695796875 0.5599251703125 0.6012774249999999 0.558689775 0.639962178125 0.52861718125 0.6719978656250001 0.5157112875000001 0.66512249375 0.498560015625 0.65070191875 0.48551485625 0.6330231484375 0.48001865156249995 0.621240690625 0.4799061203125
0 0.8495725437500001 0.6016556546875 0.8589822500000001 0.58469796875 0.8637598671875001 0.5642713125000001 0.8575682312499999 0.5580857124999999 0.76373283125 0.5343503640625 0.7442093562500001 0.5359904249999999 0.7307287765625 0.573168421875 0.7440012265625 0.5824886859375 0.8392501171875001 0.605811346875 0.8495725437500001 0.6016556546875
0 0.45250373593750004 0.6508477828125 0.4549920546875 0.639082859375 0.44944082500000004 0.6337253109375001 0.4362512984375 0.6231120515625 0.39668325625 0.6182972203125 0.3708418859375 0.60490705625 0.355203634375 0.5946281046874999 0.34215695468749996 0.592600871875 0.3337723265625 0.59898211875 0.322441409375 0.61345565 0.3197043109375 0.629099559375 0.32722650625 0.636165465625 0.34268553281249997 0.6438322984375 0.3695819359375 0.6515855359375 0.40688047968749996 0.6593467937499999 0.41009586875000004 0.6686851640625 0.4171269296875 0.672595625 0.43206485937499994 0.6721675031250001 0.44501844999999995 0.6648329125 0.45250373593750004 0.6508477828125
0 0.377001409375 0.6656597453125 0.3626140046875 0.6520973859375 0.3439995078125 0.6449712046875 0.33455289062500004 0.6408778515625 0.30207261406249997 0.6553092109375 0.2603656 0.710878609375 0.265585125 0.7214081390625 0.27614669531249997 0.7297435875 0.27578181874999996 0.73543276875 0.28080874375 0.7381520703125 0.29293628125 0.738290728125 0.309513471875 0.7447429484375 0.31523376718749996 0.7420577953125 0.3280049203125 0.737567796875 0.34032452968750004 0.7184917359375 0.3615632390625 0.70632749375 0.382101625 0.6834561781249999 0.377001409375 0.6656597453125
0 0.3927337703125 0.906956790625 0.3735024078125 0.9148554859375 0.37220875625 0.9350262171875 0.3751887421875 0.953441684375 0.384104628125 0.9658102078124999 0.39552542343749997 0.9661552109375 0.4071586140625 0.968595134375 0.508160440625 0.961690496875 0.52101773125 0.95045079375 0.5227661359375 0.9394094140625 0.5194742421874999 0.9204506218749999 0.508670315625 0.9050807421875 0.49406409218749997 0.90033688125 0.3927337703125 0.906956790625
0 0.2828626359375 0.7385674343749999 0.29234563593749996 0.7366868796875 0.2995158015625 0.7276151296875 0.294226721875 0.7235767046875 0.28382458125 0.723568684375 0.2755362515625 0.733855046875 0.2828626359375 0.7385674343749999
0 0.5704390890625 0.547519821875 0.567303415625 0.5423451671875 0.560995684375 0.5379697593749999 0.5610919828125 0.541874875 0.5672006921875 0.5493534703125 0.5704390890625 0.547519821875
0 0.8001015765625 0.3349369015625 0.8042125734375001 0.33031091875 0.7991225203125001 0.3231693046875 0.7907378875 0.329550553125 0.8001015765625 0.3349369015625
0 0.4476330296875 0.661912615625 0.452709709375 0.6638561203125 0.456853875 0.658712940625 0.4544415296875 0.6530733375 0.4476330296875 0.661912615625