0 0.3464995078125 0.097510759375 0.3363481234375 0.09001247031250001 0.3281198109375 0.0814163734375 0.32390874375 0.073607140625 0.3064648375 0.0592481390625 0.290544240625 0.0550432734375 0.26924813125 0.0555282234375 0.2521403765625 0.05978252187500001 0.25116974999999997 0.0793039296875 0.2615520515625 0.0935602328125 0.2675521796875 0.09702482343749999 0.28392628593749997 0.10640160937500001 0.296588259375 0.12122084531249999 0.3222211171875 0.12344785 0.33636703749999997 0.127693128125 0.348113665625 0.12382441250000001 0.3467614625 0.116652759375 0.3471468375 0.10970504218749999 0.3464995078125 0.097510759375
0 0.268434953125 0.15796200625 0.27766493125 0.1594206828125 0.2882387890625 0.15970690781250002 0.300958309375 0.1573092296875 0.3125936421875 0.1542335625 0.315310171875 0.143280196875 0.305247371875 0.1309489828125 0.2953185796875 0.1218645984375 0.28334709375 0.1063269640625 0.2669729890625 0.096950178125 0.25069579218750004 0.09108457343750001 0.24023323125 0.090005303125 0.23231003125 0.087638521875 0.2179271328125 0.089283565625 0.21931643437499998 0.0961908703125 0.2121291484375 0.1011854453125 0.2079120203125 0.10602455156249999 0.21797482031249998 0.11835576875 0.2307253765625 0.12834207656250002 0.2387310984375 0.1385242671875 0.24937309062500002 0.150930128125 0.268434953125 0.15796200625
0 0.23015378125 0.060985873437500004 0.23316936406250002 0.06891016093749999 0.23984559375 0.0759605765625 0.2511326515625 0.0795682796875 0.2521403765625 0.05978252187500001 0.2693965265625 0.0544708265625 0.2834970234375 0.0506363453125 0.2643609640625 0.044133165625 0.2467997 0.0432155453125 0.2406966 0.048888109375 0.23015378125 0.060985873437500004
0 0.16931966874999999 0.0154674375 0.1437155859375 0.0046319734375 0.12840521875 0.012885742187499999 0.1442970421875 0.025699062499999998 0.1604175171875 0.0242779546875 0.16931966874999999 0.0154674375
0 0.40410983125 0.132386771875 0.3823829234375 0.131739678125 0.3755976609375 0.146474753125 0.4082179265625 0.14933315625000002 0.416786190625 0.142901778125 0.40410983125 0.132386771875
0 0.49730524374999996 0.25823971874999996 0.49527920312499996 0.26847468124999996 0.5220189609375 0.2754195546875 0.5339594062499999 0.2785732046875 0.54765181875 0.2776465609375 0.5554470703125001 0.2641181765625 0.545318396875 0.260659765625 0.5395408625 0.25560908125 0.5284991078125 0.2544551671875 0.515080775 0.2492271390625 0.50555400625 0.249883253125 0.49730524374999996 0.25823971874999996
0 0.4280981453125 0.377426353125 0.43400969062500006 0.38572386875000003 0.4461810546875 0.39563553125 0.4707441125 0.3928803234375 0.4925967015625 0.3884301390625 0.46682151093749996 0.37461219218749997 0.446929090625 0.3777002171875 0.4280981453125 0.377426353125
0 0.18418995625 0.5397655109375 0.20142565625 0.551406378125 0.2286022734375 0.5468349578125 0.2395842171875 0.54421334375 0.24119384687499998 0.5285421125 0.2457138265625 0.50893988125 0.2412945546875 0.49841251406250003 0.2338165375 0.492873546875 0.2319510140625 0.47675444218749996 0.22699797500000002 0.4742321890625 0.2205155625 0.47420413593750005 0.218675015625 0.48311735312500004 0.209156571875 0.492117575 0.199823621875 0.49979605468750005 0.1989930640625 0.5099159578125 0.19202004374999998 0.5049803328125 0.19758331406250002 0.519961215625 0.19785132968750002 0.5264548812500001 0.191814103125 0.523254640625 0.17395605 0.5244518109375 0.1843898375 0.5341395375 0.18418995625 0.5397655109375
0 0.35704670312500003 0.539166984375 0.36331484999999997 0.5491252390625 0.37155755 0.553417109375 0.381677896875 0.5485314109375 0.383800846875 0.54180763125 0.392035221875 0.53775539375 0.39464045625 0.5275950765624999 0.39515151406250004 0.5155500843749999 0.38804448593749996 0.5073676265625 0.366665853125 0.500037165625 0.3432672421875 0.49029333125 0.35257141875000003 0.49122331093750005 0.3732966609375 0.4990078234375 0.36981318124999996 0.49021584375 0.3536245703125 0.47951731249999996 0.33017447187500004 0.47434205625 0.3179145234375 0.46926331875000005 0.3164449625 0.47553304843750005 0.317811553125 0.478400471875 0.315443296875 0.48267046875 0.322498840625 0.49542150312500005 0.3328501046875 0.49729382031249997 0.349112915625 0.5074636531250001 0.36180366249999996 0.51367443125 0.3643513484375 0.5207310265625 0.3568816578125 0.5235361671875001 0.3522337328125 0.5272432296875 0.35771448125 0.534408703125 0.35704670312500003 0.539166984375
0 0.1353272546875 0.7156692609374999 0.15324511875 0.718247621875 0.153772825 0.72289084375 0.1576643890625 0.7287749859375 0.1593875796875 0.73330315 0.17375609218750002 0.735962334375 0.1819162703125 0.7324387953125 0.19837063593749998 0.728638546875 0.199112609375 0.72335156875 0.19678751562500002 0.714708878125 0.1897917828125 0.705733375 0.17755454531249998 0.70469451875 0.1770639375 0.6997869453125001 0.16013335312500002 0.69437539375 0.14601014375000002 0.6941699953125 0.1271564875 0.6898562515625 0.1161291203125 0.6843981078125 0.099911734375 0.682308034375 0.10614884218750001 0.6798822999999999 0.11427192187499999 0.676623109375 0.10703921093749999 0.673537928125 0.0892038703125 0.678774978125 0.080724190625 0.680373428125 0.0811406 0.6858096984375 0.09660768593749999 0.6848426437499999 0.0995263609375 0.6892557515625 0.09790840468749999 0.696582875 0.100641584375 0.7023177265625 0.11626539218750001 0.7086373828125 0.1353272546875 0.7156692609374999
0 0.2173168265625 0.282709484375 0.268091934375 0.2822559265625 0.28315699843750003 0.2715483734375 0.309886165625 0.249156696875 0.25335017031249996 0.2612477875 0.2328126875 0.2731339734375 0.2173168265625 0.282709484375
0 0.3718105265625 0.2827047875 0.3439350953125 0.27965049999999997 0.3589448734375 0.30715230312499997 0.3737214734375 0.30690365000000003 0.38817024375 0.2963857984375 0.3718105265625 0.2827047875