0 0.8383071062499999 0.808200928125 0.8815382125 0.49177149687500005 0.8729781484375 0.486906821875 0.82974704375 0.8033362531250001 0.8383071062499999 0.808200928125
0 0.9668263765624999 0.49737411875 0.98088148125 0.45380796874999996 0.9710833953125 0.455068025 0.9574285703125 0.46544092968750006 0.9576337359375 0.4833111 0.9668263765624999 0.49737411875
0 0.7544679375000001 0.6280862468749999 0.6678350515625 0.6398902796875 0.657173303125 0.6624721390625 0.6886793 0.7001790234375 0.696570815625 0.67530208125 0.6868080937500001 0.6606495390625 0.7732717859375 0.6515186078124999 0.7544679375000001 0.6280862468749999
0 0.6972475984375001 0.6646096781249999 0.6989313203124999 0.6783126890625 0.7380700109375 0.6606854875 0.6972475984375001 0.6646096781249999
0 0.5560914453125 0.601233940625 0.5623711828125 0.603740528125 0.5914529671875 0.5569162375000001 0.5894485375 0.540603128125 0.576639690625 0.537610528125 0.56869451875 0.5499005 0.582340503125 0.54350574375 0.5861530375 0.5542836453125 0.554897628125 0.587467925 0.5560914453125 0.601233940625
0 0.3837051921875 0.48619629375000006 0.38450696406249996 0.492721540625 0.3737113859375 0.5020639 0.3769986515625 0.5288174015625 0.40039851718749997 0.5410533390625 0.4217137765625 0.5363236390624999 0.4135716734375 0.49030941875 0.4016801390625 0.47858199062500006 0.3837051921875 0.48619629375000006
0 0.4861016078125 0.32322706874999996 0.4300202171875 0.2880178015625 0.41773724375 0.305505471875 0.4120541109375 0.29165395625 0.40625543750000004 0.293062515625 0.419153909375 0.3291853609375 0.45993211718750004 0.34515191875 0.48571016875 0.3524421640625 0.4885075296875 0.3792586703125 0.49322853593750005 0.3852798921875 0.48071448125 0.4332877078125 0.516673215625 0.41408094999999995 0.5078543296875 0.3787591328125 0.521696034375 0.357756828125 0.4861016078125 0.32322706874999996
0 0.49740234218749996 0.1600419265625 0.50662150625 0.16217049687500001 0.512117153125 0.150195540625 0.505222521875 0.130534309375 0.5049283359375 0.1159897625 0.481359275 0.10642692812500001 0.4701451296875 0.120462965625 0.47964079687499994 0.14509238124999999 0.486010159375 0.1807292140625 0.49740234218749996 0.1600419265625
0 0.3619040140625 0.1953638921875 0.3989504703125 0.237660940625 0.4068154640625 0.2247184484375 0.375487503125 0.1803603140625 0.3619040140625 0.1953638921875
0 0.1617312921875 0.35234799375 0.16252422500000002 0.3628513875 0.15529180781250002 0.3849922265625 0.16033352343750001 0.39362354375 0.172242740625 0.3973946734375 0.18035710625 0.382431603125 0.1768027859375 0.365654978125 0.1868590859375 0.35839619375 0.1890945984375 0.3441891578125 0.1825118359375 0.3311161734375 0.17721190625 0.32848357968749997 0.1694712953125 0.322187853125 0.1718766109375 0.3417635859375 0.1617312921875 0.35234799375
0 0.53363784375 0.71415220625 0.5391517828125 0.73067681875 0.5497693234375001 0.7279857078124999 0.546063490625 0.705925884375 0.5392490343749999 0.6869171765625001 0.536175778125 0.6740556953125 0.521309453125 0.678618884375 0.5225922875 0.6890592734375 0.5211048921875 0.6972045812500001 0.530083525 0.6973755796875001 0.53363784375 0.71415220625
0 0.9214192171875 0.6543400609375001 0.934798146875 0.657922184375 0.9381378515625001 0.62435091875 0.9229596593749999 0.6223258578124999 0.9214192171875 0.6543400609375001
0 0.7374987156249999 0.5871842265625 0.7437247984375001 0.5771038421875 0.760505321875 0.5192676515625 0.7521056125000001 0.5157080281249999 0.73309841875 0.583773103125 0.7374987156249999 0.5871842265625
0 0.0848757734375 0.18856891874999998 0.099083 0.186741834375 0.10106914062500001 0.174555375 0.088500825 0.1735203484375 0.0848757734375 0.18856891874999998