0 0.231980609375 0.42780589375 0.2444355328125 0.40250563125000005 0.24345739375000003 0.393540175 0.2496999296875 0.37373534531249997 0.24255929531249998 0.37149031093749996 0.23218747031250003 0.38773600625000004 0.22679366406249998 0.39075471875 0.21474465 0.418496053125 0.218477903125 0.42738131093750004 0.2247999546875 0.43210306249999997 0.231980609375 0.42780589375
0 0.24465170625 0.6486059390625 0.23153828281250002 0.6502141015625 0.22823068750000003 0.6593043109375001 0.238043278125 0.6594274921875 0.2445285296875 0.6531064890625 0.24465170625 0.6486059390625
0 0.41122302499999996 0.6372162 0.40795545312500003 0.6397642046875001 0.41111647968750004 0.6421250796875 0.41558515625 0.6464919671875 0.4366245359375 0.643835459375 0.44072732031250006 0.63921906875 0.438864075 0.63109700625 0.417179184375 0.6329546734375 0.41122302499999996 0.6372162
0 0.40650904375 0.5666284328125 0.391402434375 0.571973946875 0.38422178125 0.5762711171875 0.37700110468750003 0.5871104921875 0.38213192500000004 0.59268455 0.39140555 0.5871000109375 0.40179712500000003 0.586388709375 0.4061327515625 0.5874889484375 0.4087948328125 0.5775998984374999 0.40650904375 0.5666284328125
0 0.910172984375 0.5090417828125 0.9049688828125 0.50919326875 0.9006332546875001 0.508093028125 0.8980278265624999 0.511848203125 0.8992455625 0.519171425 0.91141046875 0.5318993984375 0.91722681875 0.531730090625 0.9210234828124999 0.527122609375 0.9210635046875 0.5205804046875 0.910172984375 0.5090417828125
0 0.904729284375 0.510835503125 0.9003105 0.5076936078125 0.8993188453125001 0.5134458828125 0.9030588578125001 0.5149722765625 0.904729284375 0.510835503125
0 0.8839009328125 0.41332620468750003 0.8730966875 0.418955296875 0.8599598734375 0.42751399375 0.8593242375000001 0.43448235156250004 0.865107325 0.43349638125 0.8745971593749999 0.43322014218750005 0.8803968765624999 0.43264250468750004 0.908417334375 0.4207888578125 0.9094989046874999 0.4097193703125 0.8839009328125 0.41332620468750003
0 0.45127484687499997 0.43164286250000006 0.44852649062500005 0.42436419531249997 0.45927408437499995 0.424868975 0.46752279375 0.42422005 0.4709634375 0.4183964859375 0.4479745390625 0.3957632140625 0.44370543749999997 0.39629629843749997 0.441532425 0.41066807499999997 0.43967540937500005 0.43279813906250003 0.45127484687499997 0.43164286250000006
0 0.42864928593749996 0.1244638078125 0.437570009375 0.13278925156250002 0.4602096484375 0.1468475765625 0.466588353125 0.145435453125 0.49807907343749996 0.15105983437499998 0.4975868890625 0.13145104375 0.49985968906249995 0.11952925156250001 0.51935234375 0.078897978125 0.5285630859375 0.0491951875 0.53882525 0.022732309375000002 0.5344464875 0.0130482125 0.541527353125 0.006301057812499999 0.5331356703125001 0.0031016921875 0.5312710125 0.00309084375 0.51994536875 0.025734771875 0.5099960859375 0.0448298703125 0.499108684375 0.0484173109375 0.48074126093749997 0.048951965624999996 0.4709120390625 0.048420453125 0.45696339999999996 0.0520970015625 0.43512207031249994 0.057638557812500005 0.41724371875 0.0626559390625 0.400929246875 0.0684454296875 0.39763828437500004 0.07794396875000001 0.3961840671875 0.08738904374999999 0.39568148124999997 0.09762404687500001 0.41542619687500004 0.11585478906249999 0.42864928593749996 0.1244638078125
0 0.5550809671875 0.17352065625 0.5469694781250001 0.117340309375 0.5171782796875 0.1684917359375 0.5550809671875 0.17352065625
0 0.026798245312500003 0.1684576125 0.0316894671875 0.175673903125 0.034404559375 0.18213591093749998 0.0494945359375 0.1763820640625 0.0316099515625 0.15114732343749998 0.0281194109375 0.15574589218749998 0.026798245312500003 0.1684576125
0 0.3416399125 0.6294301265625 0.33827930781250004 0.6221692796875 0.31608196093749996 0.6264947546874999 0.3416399125 0.6294301265625