0 0.46579932812499997 0.44336215 0.45784476406249996 0.500988465625 0.4620192921875 0.5076613359375 0.474053696875 0.5134664203125 0.48831687187500006 0.5159819078125001 0.500738234375 0.514401159375 0.5075768609375 0.5094753671875 0.5327472 0.452959625 0.5344295 0.44440016406250005 0.524326446875 0.433132165625 0.5090097765625 0.4271741609375 0.49600969531250005 0.42410053281250004 0.4820116953125 0.42437385 0.47028191562500005 0.4284547734375 0.46424772968749994 0.4337265390625 0.46579932812499997 0.44336215
0 0.5918942046875 0.4387480984375 0.6007269578125001 0.442861546875 0.6046846828125 0.445822384375 0.6095435890625 0.44728273906249993 0.6115143890625 0.44891702968749997 0.61050034375 0.45257171406249996 0.6126807453125 0.4502053484375 0.6161726140625 0.44635760781249995 0.6159880546875 0.44203008749999995 0.61769368125 0.440875578125 0.6179355296875 0.4362594296875 0.6173084421875 0.4325282828125 0.6127953265625 0.4323180171875 0.6108728953125 0.42976049843749997 0.6070280343750001 0.42464545937500003 0.60272451875 0.4204345328125 0.5999976453125 0.41753103906250005 0.5965308203124999 0.41305060156250006 0.5921789375000001 0.409762903125 0.5840538859375 0.40784188749999994 0.5859763171875 0.41039940625 0.58302371875 0.411804315625 0.5776739109375 0.4118635640625 0.5731285484375 0.412268784375 0.5723402296875 0.4116150671875 0.56814065625 0.4132703765625 0.5646971578125 0.416194884375 0.563554128125 0.42231151718750004 0.561984690625 0.428716775 0.5605119921874999 0.43327557656250004 0.5690795718749999 0.4346002234375 0.57059171875 0.43713862812500004 0.572988925 0.4384842921875 0.577912325 0.438713671875 0.582176390625 0.435827390625 0.5867701234375 0.43449894375 0.590414303125 0.43559420781249997 0.5918942046875 0.4387480984375
0 0.603951934375 0.45195813281249997 0.5990607812500001 0.4511132625 0.591722334375 0.4655790921875 0.5957284281249999 0.4676166984375 0.5983191125 0.46526944531250003 0.603951934375 0.45195813281249997
0 0.5898554765624999 0.4698110328125 0.5792347624999999 0.48412393906249995 0.5823880421875 0.48673880468749997 0.5849142359374999 0.48562252343749995 0.596355515625 0.4713478453125 0.5931699890625 0.4693484671875 0.5898554765624999 0.4698110328125
0 0.577256759375 0.4747769578125 0.554714503125 0.481130575 0.554521025 0.4848234921875 0.579492734375 0.47920005000000004 0.577256759375 0.4747769578125
0 0.5628700828125 0.498169234375 0.5619994296875 0.514787359375 0.56862845625 0.5138622296875 0.5686462953125 0.4978213578125 0.5628700828125 0.498169234375
0 0.550160221875 0.4895562296875 0.5397830734375 0.4835198640625 0.5370311562500001 0.4889445484375 0.5466522312500001 0.49371171406250003 0.550160221875 0.4895562296875
0 0.547888565625 0.517214878125 0.536286053125 0.5345669843749999 0.5436711515625 0.5349110546875 0.552715225 0.5192907171875001 0.547888565625 0.517214878125
0 0.531462828125 0.501024890625 0.536160503125 0.5055626734375 0.5412128875 0.5033301109375 0.5342469921874999 0.49498472031249996 0.531462828125 0.501024890625
0 0.52959596875 0.505256834375 0.5454124593749999 0.501674803125 0.5456059375 0.49798188593750004 0.5297894484375 0.501563915625 0.52959596875 0.505256834375
0 0.5510274390625 0.5044043593749999 0.5286786640625001 0.5070650624999999 0.5284529390625 0.5113734640625001 0.5508017140625 0.5087127625 0.5510274390625 0.5044043593749999
0 0.558523684375 0.51832735625 0.5588639890625 0.496131625 0.5539728359375 0.4952867578125 0.5535680390625 0.5187134609374999 0.558523684375 0.51832735625
0 0.5909196078125001 0.44949998906250005 0.604338890625 0.4445722984375 0.59790334375 0.44180451249999997 0.5894074609375 0.44696158593749996 0.5909196078125001 0.44949998906250005
0 0.582842928125 0.44665574374999995 0.587798575 0.4462696390625 0.5979678359375 0.44057353906249996 0.591532290625 0.437805753125 0.5821191 0.44477105625 0.582842928125 0.44665574374999995
0 0.5723690421875001 0.4424658359375 0.5625544890625 0.44139158749999996 0.5607521234374999 0.44439255624999996 0.5721755625 0.4461587515625 0.5723690421875001 0.4424658359375
0 0.832864634375 0.400307325 0.8316893578125001 0.407039440625 0.8365482640625 0.40849979375 0.8386086 0.40057493437499997 0.832864634375 0.400307325
0 0.40414802187500004 0.921432359375 0.4035675859375 0.9325111093749999 0.40852323281249997 0.9321250031250001 0.4098274953125 0.9229309421874999 0.40414802187500004 0.921432359375