0 0.5135422171874999 0.6982598671875 0.49358010781250006 0.7176578265625 0.488761790625 0.7140827109375001 0.49671389687499995 0.68824334375 0.4832797703125 0.6872783515625 0.4623372265625 0.6990328234375001 0.4519060953125 0.6893310171875 0.4121622546875 0.708807109375 0.421397559375 0.7201291609375 0.3914441734375 0.7398489296874999 0.3912359921875 0.74400331875 0.392747825 0.745037446875 0.3911665984375 0.7453881171875001 0.4394596578125 0.82862394375 0.44360535 0.8246288875 0.44472362343749994 0.8252249656249999 0.4345661234375 0.8452268281249999 0.4434957546875 0.85929704375 0.46621860625 0.8497984078125 0.45540646249999994 0.814933765625 0.45396958906249996 0.8146412453125 0.4550060109375 0.8136424828125 0.45069862499999996 0.8134591609375 0.454881125 0.8052231000000001 0.455839665625 0.806147490625 0.45716675156250003 0.8054569265625 0.45758088125 0.8069285796875001 0.46454575625 0.8100529359375 0.47211098125 0.808997240625 0.471404234375 0.799372246875 0.470437625 0.7985512609375001 0.4713032703125 0.7979972453124999 0.613763046875 0.7239700906250001 0.7104363203124999 0.70555328125 0.7271785015625001 0.688951575 0.770398975 0.6686549390625001 0.765503284375 0.6639718140624999 0.73969160625 0.6586298953124999 0.7337943015625 0.650777325 0.725755746875 0.6469576046875 0.7147129640625 0.6397112671875 0.7015561046875 0.6301662265625 0.685118671875 0.63489719375 0.679529196875 0.6455824703124999 0.6799478703124999 0.660080125 0.6894070218749999 0.6846078062500001 0.6150901359375001 0.7232795249999999 0.53715891875 0.72637945625 0.5238890578125 0.699588596875 0.5135422171874999 0.6982598671875
0 0.7597961843750001 0.61179839375 0.7577673234375 0.6269953453125 0.7649716078125001 0.632228340625 0.760522071875 0.6387521796875 0.7658348968750001 0.64272866875 0.79184109375 0.64632175625 0.8021598390625 0.6448594609375 0.8096963515625 0.6349310234375001 0.8162034625000001 0.6220829734375 0.79848560625 0.61702025 0.7692516390625 0.5998357703125 0.7597961843750001 0.61179839375
0 0.7651136296875001 0.6613877609375 0.777517121875 0.647269703125 0.7550987109375 0.641856740625 0.7380499328125001 0.6520840328124999 0.74085964375 0.657259484375 0.7651136296875001 0.6613877609375
0 0.6686944859375 0.7703850796875 0.676649365625 0.771913440625 0.6868004546875001 0.7628275671875 0.6858538000000001 0.7530767390625 0.6783710140625 0.7442603578125 0.679788840625 0.7376005906249999 0.6488585484375 0.7234924921875 0.6380667843750001 0.7231202328124999 0.6342004984375 0.7213567203125 0.645967321875 0.7373116937499999 0.664910946875 0.7617903515625 0.6686944859375 0.7703850796875
0 0.7292431609375 0.7525671140625 0.7408426359375 0.76393936875 0.7487697265625 0.7657175625 0.7657363734375 0.768403203125 0.772439234375 0.76596975625 0.7645948921875 0.757360346875 0.7292431609375 0.7525671140625
0 0.6800957453125 0.7470158625 0.691862259375 0.7599299765625 0.6894150296875 0.7636701312499999 0.7015412546875 0.7581321234375 0.7089656890625 0.7400804437499999 0.680428896875 0.74097700625 0.6800957453125 0.7470158625
0 0.61753453125 0.9411962890625001 0.60688325 0.9547791562500001 0.590865415625 0.9831303546875001 0.6214603984375 0.981991296875 0.6501639203125 0.979595734375 0.6380908109375001 0.9603072062500001 0.6277424296875 0.9437741828125 0.61753453125 0.9411962890625001
0 0.5857134687500001 0.919878553125 0.5728378843749999 0.9412846296874999 0.5719764421875 0.9490294531250001 0.59981883125 0.9574195734375 0.6017362328125 0.94018109375 0.6048775546875 0.924113396875 0.5988416171875001 0.92055085 0.5857134687500001 0.919878553125
0 0.603433790625 0.9492681484375 0.628882371875 0.9396127468750001 0.6155584734375 0.928525846875 0.6059347484375001 0.926783175 0.603433790625 0.9492681484375
0 0.23737380625 0.639735075 0.22736104375 0.641490065625 0.22396962343750002 0.6598062609374999 0.210260384375 0.688707328125 0.2026124078125 0.6965942375 0.201417815625 0.7103779171875 0.224641475 0.7024640046874999 0.23982688749999997 0.6937712328125001 0.254595475 0.6888259578125 0.2699738671875 0.663180059375 0.2535348953125 0.6527067328125 0.249639896875 0.6420704781250001 0.23737380625 0.639735075
0 0.198268790625 0.6504241484375 0.20219157812500002 0.660810571875 0.2011640234375 0.6761361109374999 0.2009991421875 0.695880259375 0.20956505781249998 0.6888714359375 0.2163222625 0.6737748890625 0.22316222031250002 0.651847125 0.22605406249999999 0.64410964375 0.22427375624999998 0.6418538046875 0.21684747187500003 0.641660334375 0.1999364046875 0.6384750265625 0.198268790625 0.6504241484375
0 0.2264390953125 0.6010808171875001 0.2075822234375 0.6093021046875 0.2010210765625 0.6378541140625 0.210032840625 0.6390113953125 0.2204062375 0.62792685625 0.2303347125 0.6177987890625001 0.2339212671875 0.6038154796875 0.2264390953125 0.6010808171875001
0 0.2162633 0.6408251109374999 0.22610933125 0.64056911875 0.2282212515625 0.62158180625 0.2141770109375 0.638276575 0.2162633 0.6408251109374999
0 0.258178025 0.6353114859375 0.2356179015625 0.603779959375 0.22697138906249997 0.6389060109375 0.2344254609375 0.6388496484374999 0.2503908 0.641406703125 0.258178025 0.6353114859375
0 0.2550601765625 0.6085573281250001 0.2561711 0.592482290625 0.23603472656250002 0.6000324625 0.259902446875 0.6350261296874999 0.2668550953125 0.627303328125 0.2550601765625 0.6085573281250001
0 0.287041809375 0.5675588921875 0.275806046875 0.5772656781250001 0.272608221875 0.584710465625 0.264542496875 0.587222296875 0.2661591546875 0.62138571875 0.2791202625 0.6205161546875 0.29503063906250004 0.6296545921875001 0.31180276406249996 0.634089065625 0.3210071984375 0.6152523640625 0.3215345640625 0.6044238187500001 0.331269134375 0.6021262984375 0.3330185734375 0.574223384375 0.3191114265625 0.5714238359375 0.32164078749999997 0.5547707468749999 0.30920796875 0.5539343421875 0.298778378125 0.5594368281250001 0.287041809375 0.5675588921875
0 0.321426490625 0.6358317359375001 0.3012614046875 0.6345091671875001 0.273614459375 0.6334927921875 0.2629631765625 0.6470756578125 0.2804593421875 0.6602187671874999 0.2918630671875 0.6611764171875001 0.32407070312499997 0.6546696203125 0.3252094109375 0.63834475 0.321426490625 0.6358317359375001
0 0.2967044125 0.6785226421874999 0.29926371875 0.68290573125 0.3190113609375 0.681894078125 0.3195393421875 0.6771472515625 0.3245458765625 0.6777901859375 0.3227640296875 0.6603300546875001 0.309774825 0.6584085921875 0.2999849859375 0.6642466375 0.2993180625 0.67024263125 0.2967044125 0.6785226421874999
0 0.2829081109375 0.6716829046874999 0.29561881562500003 0.6700209781249999 0.2960909109375 0.6627329578125 0.2852991484375 0.6623606984375 0.275647325 0.6578270015625 0.27233773125 0.6601894046875 0.2829081109375 0.6716829046874999
0 0.35321483593749997 0.6087455671875001 0.3451216265625 0.6145480890624999 0.333440328125 0.619129625 0.326322796875 0.6465965796875001 0.3245440296875 0.6595450328125 0.3269094328125 0.6717586703125 0.34729774999999996 0.680205153125 0.35864620468749997 0.684703328125 0.369354603125 0.6858250875 0.3727750421875 0.67942249375 0.3743873875 0.6710138953125 0.37483169375 0.6639757093750001 0.3796156140625 0.6635764484375 0.38011580624999997 0.659079453125 0.3775564984375 0.6546963640625 0.37925251718749997 0.6485791265625 0.3761090375 0.6433608125 0.3583637 0.641588778125 0.36623429218750003 0.6347440625 0.3787217640625 0.625958225 0.3726852109375 0.6163139625 0.3881772203125 0.613995603125 0.374185784375 0.6028229781250001 0.3670102125 0.606462728125 0.35321483593749997 0.6087455671875001
0 0.3467278109375 0.545322315625 0.340609121875 0.5485909875 0.347731584375 0.569777771875 0.36433574687500003 0.5635478093749999 0.3623050359375 0.5604996078125 0.3640291515625 0.5571733953125 0.357046865625 0.5469008796875 0.3534312890625 0.5489705875 0.3467278109375 0.545322315625
0 0.36291976875 0.5884527281249999 0.3566325015625 0.5749752421875 0.350346775 0.5767020546875 0.3524914125 0.6061186484375 0.36609227031249997 0.605584640625 0.36291976875 0.5884527281249999
0 0.3870629109375 0.5966211953125 0.382389528125 0.58993940625 0.3835010640625 0.5799460843750001 0.3794390265625 0.56776796875 0.3721245109375 0.572656884375 0.373767725 0.5944070390625 0.3870629109375 0.5966211953125
0 0.39134386718749997 0.5733512015625 0.380856853125 0.561108203125 0.374932375 0.559587184375 0.37051032031250003 0.56282033125 0.3706501875 0.5706937421875 0.3781039515625 0.567596521875 0.3849472953125 0.579118203125 0.39134386718749997 0.5733512015625
0 0.3848191328125 0.6867974203125 0.399807871875 0.6585674671875 0.390600971875 0.6530773 0.3856521703125 0.6732207125 0.37761484843750004 0.681564425 0.3848191328125 0.6867974203125
0 0.797997803125 0.469224478125 0.8401351453125001 0.464753046875 0.8528730203125001 0.456759571875 0.85264948125 0.4465948015625 0.841022525 0.43851323750000004 0.829979434375 0.42822604062499997 0.8123730390624999 0.42520484375 0.7873141109375 0.4374443 0.7823365984375 0.4487149671875 0.790626478125 0.4624496234375 0.797997803125 0.469224478125