0 0.4694646265625 0.7593629875000001 0.4505642484375 0.7416832656250001 0.4509306796875 0.763129821875 0.45189646562499997 0.7850731734374999 0.454378840625 0.80273618125 0.463449275 0.810757871875 0.4703333625 0.7900354078125 0.472886075 0.7780560765625 0.47985510624999994 0.7730094421875 0.4694646265625 0.7593629875000001
0 0.425279521875 0.6220587546874999 0.42075641406250003 0.593643009375 0.416941884375 0.5947601359375 0.4218047125 0.6237091640625 0.425279521875 0.6220587546874999
0 0.3793328640625 0.5965595687499999 0.3670084390625 0.593643425 0.3689302765625 0.6073180109375 0.3810945484375 0.6090946078125 0.3793328640625 0.5965595687499999
0 0.43974917031249994 0.7739977375 0.4299410703125 0.77014691875 0.431222296875 0.7792633109375 0.439572040625 0.7821570296875 0.43974917031249994 0.7739977375
0 0.322354984375 0.42851564375000006 0.3190961234375 0.41851513437500004 0.3120494484375 0.43054502031249997 0.304325775 0.44906136874999997 0.3088828359375 0.45887942812500004 0.3157863328125 0.43641114999999997 0.322354984375 0.42851564375000006
0 0.3046897703125 0.462954896875 0.28976650625 0.45285062500000006 0.290749271875 0.46549513437499995 0.303813796875 0.471793434375 0.3046897703125 0.462954896875
0 0.30905266249999996 0.42806105 0.30460719531249997 0.3926620515625 0.2991547484375 0.3934283421875 0.3038792671875 0.42704503593750004 0.30905266249999996 0.42806105
0 0.1678616421875 0.365398103125 0.1515212796875 0.358398134375 0.153981809375 0.3702539296875 0.169383096875 0.37622381875 0.1678616421875 0.365398103125
0 0.1423439921875 0.26672335468749997 0.1310217390625 0.27470590625 0.1353992390625 0.28513023125000003 0.1439649328125 0.2763730328125 0.1423439921875 0.26672335468749997
0 0.3975826328125 0.330788809375 0.391441015625 0.300276415625 0.3861487234375 0.30218225625 0.3939088484375 0.33479129687500003 0.3975826328125 0.330788809375
0 0.4998305625 0.9038386359375 0.509184915625 0.9251840796874999 0.5121792671875001 0.9201150234375 0.5016650203124999 0.8942843625 0.4998305625 0.9038386359375