0 0.2169762703125 0.9603699718750001 0.24469985468750002 0.9467301546875 0.24644378906250003 0.94061528125 0.24689248749999998 0.9264792859375 0.245237590625 0.9219040906249999 0.2412843421875 0.916648478125 0.23254799375 0.9156014859375 0.2280552515625 0.915514765625 0.2221782390625 0.9180969875 0.215345921875 0.9207516375000001 0.20160540624999998 0.929058015625 0.20022113749999998 0.9317269609375 0.1990101203125 0.93651943125 0.19784033125 0.937890115625 0.1955419859375 0.937209696875 0.19373532499999999 0.938628665625 0.1945801015625 0.941128615625 0.196484134375 0.9448302578125001 0.1966920375 0.947378490625 0.1970038953125 0.9512008421875 0.19834693750000001 0.951953684375 0.20099179375 0.9568811593750001 0.2086623078125 0.960572953125 0.2169762703125 0.9603699718750001
0 0.5142419312500001 0.7788653171875 0.5116597984375 0.778633746875 0.5075201421875 0.7789475921875 0.5048621328125 0.7817131015625 0.503090125 0.7835567765625 0.49975401406250003 0.7897923546875 0.49641790625000004 0.7960279375 0.4959477109375 0.8020462421874999 0.4985232640625 0.8061243062499999 0.5018808703125 0.808006415625 0.5062350078125 0.8063943124999999 0.5105610734375 0.8005110109375 0.513509446875 0.7934501625 0.5173372453125 0.789313965625 0.5199259546875 0.7856990453125 0.519434265625 0.7835996578125 0.5201470171875 0.7805542921875 0.519620675 0.7780302015625 0.5170038921875 0.777373925 0.5142419312500001 0.7788653171875
0 0.16416727656250002 0.6861800734375 0.165592775 0.68008934375 0.162339121875 0.679481353125 0.161481190625 0.6846743859375 0.16416727656250002 0.6861800734375
0 0.24393132187500002 0.7134647875 0.24188210937500002 0.7119108171875 0.2364967859375 0.7165924265625 0.2379091296875 0.71819468125 0.2427961859375 0.715260178125 0.24393132187500002 0.7134647875
0 0.22699988124999998 0.725859078125 0.221835615625 0.7253959375 0.21878986875 0.7273361781250001 0.21892847187500003 0.729035 0.22706918125 0.726708490625 0.22699988124999998 0.725859078125
0 0.2529597953125 0.729873609375 0.249927203125 0.724120865625 0.24744902500000002 0.7251634124999999 0.2504123140625 0.7300667437499999 0.2529597953125 0.729873609375
0 0.21923551406250003 0.7563610109375001 0.21823897812499998 0.759855225 0.2221295015625 0.7604149328124999 0.2253138515625 0.760173515625 0.22644898750000003 0.758378125 0.21923551406250003 0.7563610109375001
0 0.22166106718749998 0.78609040625 0.2298710796875 0.7846133078124999 0.2310062140625 0.78281791875 0.2214531640625 0.7835421734375 0.22166106718749998 0.78609040625
0 0.27530991718750003 0.7760404140625 0.28281375625 0.7737621875 0.2833120234375 0.77201508125 0.2751713140625 0.7743415921875 0.27530991718750003 0.7760404140625
0 0.212540503125 0.8235324828125 0.20667006875 0.8222682125 0.2054656296875 0.823214190625 0.21140536562499998 0.825327871875 0.212540503125 0.8235324828125
0 0.348091184375 0.749155940625 0.3482429421875 0.743161778125 0.344560325 0.745150303125 0.344976134375 0.750246771875 0.348091184375 0.749155940625
0 0.3495298390625 0.735372225 0.3496684421875 0.7370710500000001 0.361768975 0.7361536578125001 0.36156106875 0.7336054265625 0.356964375 0.7322445875 0.3495298390625 0.735372225
0 0.4287526296875 0.7481686640625 0.4363950703125 0.747589259375 0.4368933390625 0.7458421546875 0.42911229375 0.7447227359374999 0.4287526296875 0.7481686640625
0 0.49979524375000006 0.78637056875 0.498811865625 0.7821717953125 0.49633368593749994 0.78321434375 0.497386365625 0.7882625265625001 0.49979524375000006 0.78637056875
0 0.41087116406249996 0.8196068859375 0.4067727375 0.8164989437499999 0.4056375984375 0.8182943328125001 0.40902985625 0.8206011484375001 0.41087116406249996 0.8196068859375
0 0.5486491296875 0.725404184375 0.5562915703125 0.7248247796875 0.5560143640625 0.7214271343750001 0.5490780953125001 0.7228076671875 0.5486491296875 0.725404184375
0 0.55928469375 0.7536564796875 0.56410245 0.7498725640624999 0.5626208046875 0.7474208984375 0.55723548125 0.7521025078125 0.55928469375 0.7536564796875
0 0.40112595312500005 0.684453925 0.397595096875 0.6804482875 0.39582308906249997 0.6822919609375 0.39928464531249996 0.6854481875 0.40112595312500005 0.684453925
0 0.40635951875 0.6857664781249999 0.4027593578125 0.6809114296875001 0.40035047968750004 0.6828033875 0.40458750937500004 0.6876101515624999 0.40635951875 0.6857664781249999
0 0.5158152 0.6449909203125 0.5209101625 0.64460465 0.5221146 0.643658671875 0.515676596875 0.6432920984375 0.5158152 0.6449909203125
0 0.5804618703125 0.5341112984375 0.5737466625 0.5303470781249999 0.5740931687499999 0.534594134375 0.5786898625 0.5359549718750001 0.5804618703125 0.5341112984375
0 0.8618031875 0.4794497328125 0.870871128125 0.47277959999999997 0.869389484375 0.4703279328125 0.8610277140625 0.47779919531250004 0.8618031875 0.4794497328125
0 0.8710973703124999 0.2163628515625 0.8740738140625 0.21357320156249998 0.871110525 0.20866986718749997 0.873809765625 0.2024825703125 0.8674410640625 0.20296540625 0.8653786953125 0.2091044203125 0.8710973703124999 0.2163628515625
0 0.8998784499999999 0.18426755625 0.8892034171875001 0.17909421718750002 0.8865041781249999 0.18528151406249999 0.8990205203125001 0.1894605921875 0.8998784499999999 0.18426755625
0 0.7897858984374999 0.22509139843749998 0.7954615828125 0.2161144484375 0.7902973203125 0.21565130625 0.786601546875 0.22533281718749998 0.7897858984374999 0.22509139843749998
0 0.35418174687500004 0.580325125 0.3640251625 0.5753055296875 0.362543515625 0.5728538609375 0.35454141093749997 0.576879196875 0.35418174687500004 0.580325125
0 0.17098773125 0.6284004109375 0.16010479375 0.6206788375000001 0.15981443125 0.624974178125 0.16921572499999998 0.6302440859375 0.17098773125 0.6284004109375
0 0.54168634375 0.1216836828125 0.540689809375 0.125177896875 0.549371775 0.13733965937499998 0.552140315625 0.1320017734375 0.5454382609375 0.12054457031250002 0.54168634375 0.1216836828125
0 0.29033168125 0.9287413109375 0.28311820625 0.9267241984375 0.282619940625 0.928471303125 0.2884903734375 0.9297355734374999 0.29033168125 0.9287413109375
0 0.069628109375 0.9412004093749999 0.06319010625 0.940833834375 0.063398009375 0.9433820703125001 0.06976671250000001 0.9428992328125 0.069628109375 0.9412004093749999