0 0.552808984375 0.952372315625 0.5233639015625 0.9519446015625 0.5127617296875 0.9540222437500001 0.48432588125000003 0.9599215640625 0.4877433046875 0.9683239421875 0.511087365625 0.962414421875 0.5216537406249999 0.95982616875 0.5490734234375 0.9555698828124999 0.552808984375 0.952372315625
0 0.541117603125 0.519326615625 0.5256632515625 0.5167429593749999 0.4933376921875 0.515572028125 0.46977885312499995 0.518417884375 0.446960771875 0.5237611953125 0.4283436046875 0.5325448765624999 0.4287731609375 0.5386722078124999 0.43853814843750005 0.540790653125 0.450586040625 0.54319730625 0.5056938828125 0.53851431875 0.5203000875 0.5370686890624999 0.5386060515625 0.531914884375 0.541117603125 0.519326615625
0 0.44938283125 0.5098963984375 0.448140921875 0.50025039375 0.43976796250000005 0.501850328125 0.44050178906250004 0.51231785 0.44938283125 0.5098963984375
0 0.31852861093749996 0.53955750625 0.336709290625 0.5326165625 0.3285580390625 0.5293100890625 0.31211638750000004 0.536850146875 0.31852861093749996 0.53955750625
0 0.7218782296875 0.4027185703125 0.7283401171875 0.3899964046875 0.7175768625 0.389776296875 0.7156986828125 0.403330184375 0.7218782296875 0.4027185703125
0 0.5960996734374999 0.367608103125 0.6225817218749999 0.3580460046875 0.6166954765625 0.354772434375 0.5918987625 0.3641677296875 0.5960996734374999 0.367608103125
0 0.6139402859375 0.3558163578125 0.6131637328124999 0.3528082921875 0.59320823125 0.35863951250000004 0.601323684375 0.361435375 0.6139402859375 0.3558163578125
0 0.7984255109375 0.22778537031249999 0.7514868140625001 0.23603013750000001 0.7467529875000001 0.24112604375000002 0.7981859 0.23243646875 0.7984255109375 0.22778537031249999
0 0.7580104578125 0.256464771875 0.765416915625 0.2410783484375 0.7490895859375 0.2421801671875 0.7444562171875 0.2567779765625 0.7580104578125 0.256464771875
0 0.86686765625 0.1631691109375 0.8584190703125 0.147552378125 0.8427967031250001 0.150641040625 0.8547233390625 0.167456 0.86686765625 0.1631691109375
0 0.6220426796875 0.019529115625 0.5842852640625 0.0134971796875 0.5762165703125001 0.01943730625 0.6174341375 0.026412160937500002 0.6220426796875 0.019529115625
0 0.2700630859375 0.0741607125 0.2752870953125 0.067987984375 0.2442710046875 0.061288835937499994 0.2431942125 0.0701360234375 0.2700630859375 0.0741607125
0 0.7369209234375 0.3994302046875 0.7402806203125001 0.39087122500000004 0.733521396875 0.39128313124999997 0.7285837578125001 0.40154074843750004 0.7369209234375 0.3994302046875
0 0.4105387875 0.5448472343749999 0.42067560625 0.536131653125 0.41489675156250005 0.5343899125 0.4048315265625 0.5441267187500001 0.4105387875 0.5448472343749999
0 0.36303654218750003 0.6176740734374999 0.367662978125 0.6110463328125 0.3592363234375 0.6118803484375 0.3567854015625 0.6172644640625 0.36303654218750003 0.6176740734374999
0 0.3816021125 0.9389822000000001 0.378070365625 0.9370180578125 0.36692431718749996 0.9394066078125001 0.37043816406249996 0.94111544375 0.3816021125 0.9389822000000001
0 0 0.0706026328125 0.00056313125 0.070756090625 0.0072547921875 0.08551840625 0.0204799328125 0.088579775 0.008423978125 0.0537822328125 0 0.05435070937499999 0 0.0706026328125
0 0.43225201562500004 0.1848471921875 0.4369858421875 0.1797512859375 0.42395758125 0.1794982765625 0.4172699515625 0.1809314078125 0.42093795 0.1929080625 0.42076993125 0.19858038281249998 0.4260765 0.2016542484375 0.44732760312500003 0.20623494999999997 0.453274475 0.2023043671875 0.454040065625 0.1970870578125 0.44315845625000005 0.1871097421875 0.43225201562500004 0.1848471921875
0 0.8848606468750001 0.22617165312499998 0.8974882140625 0.22877800937499998 0.9029270015625 0.22566894375 0.9180233890625 0.2231464921875 0.9211076796875 0.21872799999999998 0.89571629375 0.20350277343749998 0.8775644781249999 0.218924396875 0.8848606468750001 0.22617165312499998
0 0.771355725 0.2047568765625 0.7420896265625 0.2068822171875 0.70690551875 0.22141881875 0.7158154234375 0.22747805 0.771355725 0.2047568765625
0 0.9694014796875001 0.17333004531250001 0.9691330046875001 0.1695004640625 0.9621769046875001 0.1671040109375 0.94543098125 0.17030387656249998 0.9442467999999999 0.17761923125 0.9528703343749999 0.1795935734375 0.9694014796875001 0.17333004531250001