0 0.7912546453125 0.8168664421875 0.6947097234374999 0.80139694375 0.6790770734375 0.8000281812500001 0.66608936875 0.811878875 0.6568091515625001 0.830992078125 0.6505156703125 0.8620489093750001 0.6541783796875 0.890182103125 0.664067490625 0.9094068296875 0.7612211328125 0.9815295734375 0.751569909375 0.9486762265625 0.75229844375 0.906938578125 0.760018559375 0.86737129375 0.7723451578125 0.8384792484375 0.7912546453125 0.8168664421875
0 0.8121016609374999 1 0.8129855812500001 0.9997201109375 0.8232909968750001 0.995094753125 0.8336707531249999 0.9862104484374999 0.843567646875 0.968378646875 0.8515847781250001 0.9484062218749999 0.8571946765625 0.9199010390625 0.8573807015625 0.8909383609375 0.8502779546875001 0.8585257796875 0.8397126953124999 0.8414268078125 0.8347346874999999 0.8337309671875 0.8247117625 0.8221723421875 0.8162045093750001 0.8153078453125 0.8060403390624999 0.8118412109375001 0.7909574578125 0.8155868984374999 0.7713941265625001 0.8380477781250001 0.760367784375 0.8656695750000001 0.7533535515625001 0.9014075281249999 0.7511836875 0.9341921015624999 0.7564438421874999 0.9623345859375 0.7603072703125 0.9789686312500001 0.7668083828125 0.99093270625 0.7751072375 1 0.8121016609374999 1
0 0.343892175 0.4343273984375 0.3274718671875 0.4414728078125 0.31622285156249996 0.4452408015625 0.307277165625 0.44518875781249995 0.288152440625 0.44252186718750003 0.26328435 0.43939562499999996 0.242926275 0.4341659328125 0.2362170109375 0.4341269 0.2286606140625 0.44600919218749996 0.2268178484375 0.4600544125 0.2307407484375 0.47328130156250003 0.27017151093749997 0.4841591453125 0.2991260484375 0.49114259843749997 0.30710583593749996 0.4916149609375 0.3256806171875 0.5074827187500001 0.3449687171875 0.51909525 0.43698875625 0.5375199875 0.4449834109375 0.5371405609375 0.45438983437499997 0.5291024703125 0.46104723437499995 0.513807446875 0.46331356562500003 0.493801565625 0.4604680765625 0.47376594218749996 0.452726178125 0.45966495781249994 0.357919946875 0.4361127609375 0.343892175 0.4343273984375
0 0.321737153125 0.3123803421875 0.3180742703125 0.3025624671875 0.3031398953125 0.31610558593750004 0.29661630781250004 0.32373450937500003 0.3031917609375 0.3314396421875 0.321737153125 0.3123803421875
0 0.4209041953125 0.39729293125 0.42969359531249995 0.42460407343749995 0.4337058765625 0.4144049140625 0.427011653125 0.395198775 0.4209041953125 0.39729293125
0 0.1125463171875 0.3069039296875 0.11602404531249999 0.254107896875 0.1067663046875 0.25362809999999997 0.1039349875 0.3060019546875 0.1125463171875 0.3069039296875
0 0.15070794999999998 0.17082590625 0.14639104687499999 0.18017141875 0.144258528125 0.1925112046875 0.1365831875 0.21120780625000002 0.14064733437500002 0.2163427015625 0.1502396078125 0.197657253125 0.151361621875 0.188293153125 0.157001084375 0.176399709375 0.15070794999999998 0.17082590625
0 0.5543609671875 0.439811246875 0.5599186546875 0.432602640625 0.5566347328125001 0.41937946875 0.5578533890624999 0.4044787421875 0.5733536171875 0.26699106562499997 0.5735617703125 0.2550660234375 0.5571639375 0.24261843125000002 0.5457069437500001 0.23999615156249998 0.537429971875 0.23824424687499998 0.5259283734375 0.2381773328125 0.5153109015624999 0.2423749375 0.4759008765625 0.395057265625 0.47005343593750004 0.4005604359375 0.471427859375 0.41334656093750005 0.4801951296875 0.42362007031250004 0.4950772921875 0.43137352812499996 0.5176420546875 0.438319809375 0.5428742359375 0.4388925421875 0.5543609671875 0.439811246875
0 0.515153396875 0.39784125625 0.4998699734375 0.39477077656250004 0.48582733281249996 0.39383720312500003 0.475603690625 0.3937777234375 0.4710416390625 0.398862434375 0.46991218906250004 0.408652428125 0.46895355 0.42696216875 0.4715687578125 0.4418852015625 0.4786642453125 0.45640836093750003 0.486799971875 0.4662522578125 0.49979493750000004 0.4722909875 0.5096396171875 0.47575576249999996 0.5185704375 0.476659596875 0.530770484375 0.47332307343749996 0.54340153125 0.46359999375000005 0.5506384359375 0.4517158421875 0.556270465625 0.44024829218750006 0.5601935390625 0.43515986562500003 0.56095889375 0.42792337812500003 0.5531649578125 0.41680365625000004 0.5418194749999999 0.40779296093750006 0.52883194375 0.40132833593750006 0.515153396875 0.39784125625
0 0.536113975 0.33194286875 0.47531237343750005 0.556910140625 0.48139009374999997 0.5565195625 0.5431427296875 0.3319837609375 0.551501825 0.29242019375 0.5504171546875 0.2813395046875 0.5437151499999999 0.29918989375 0.536113975 0.33194286875
0 0.5020540078125 0.43439568125 0.493442503125 0.45180902500000003 0.49913383125 0.45524963593749995 0.50643764375 0.4395324359375 0.5020540078125 0.43439568125
0 0.5075294 0.48681786562499996 0.5018009046875 0.48550672500000003 0.4946307296875 0.5118731421875 0.5006415453125 0.5153156140624999 0.5037994375 0.4991483546875 0.5075294 0.48681786562499996
0 0 0.3415116546875 0.015517837500000001 0.35574819999999996 0.020681696875 0.352796678125 0.026113006249999998 0.35282827656250004 0.006379214062499999 0.330138775 0 0.339517103125 0 0.3415116546875
0 0.6525847578125 0.487235834375 0.6523842140625 0.48041966562500005 0.6342179546875 0.4777583515625 0.6344333671875 0.48372273125 0.6525847578125 0.487235834375