0 0.520772140625 0.3149414015625 0.5413459890625 0.30322744375 0.5565055437499999 0.2833702578125 0.56185139375 0.279748778125 0.576662909375 0.271029896875 0.5757885125 0.26265635 0.5682863921875 0.250452321875 0.55710255625 0.2440657859375 0.54474491875 0.24880314062500003 0.5394044703125 0.2533534140625 0.5199900140625 0.251466703125 0.49690285 0.2569454703125 0.43475220937500003 0.2892937640625 0.4265377984375 0.296579965625 0.3903068578125 0.3135928203125 0.378787590625 0.3205117703125 0.3685267828125 0.3308579140625 0.37358223281249997 0.3482818578125 0.38396191874999996 0.35836915 0.39970186406249997 0.36731174375000003 0.4314343328125 0.3576499546875 0.45857826875 0.3398593546875 0.4763015734375 0.33490609375 0.520772140625 0.3149414015625
0 0.5463964453125 0.24883196875000002 0.5505360718750001 0.250761621875 0.560075584375 0.2583577203125 0.567972575 0.2674729796875 0.56884516875 0.2755369296875 0.576671915625 0.272577884375 0.5753756296875 0.26264914375 0.5678735109375 0.250445115625 0.55627859375 0.24436096875 0.5463964453125 0.24883196875000002
0 0.49356557187499994 0.2510054625 0.509561696875 0.23302027656250002 0.5008551531250001 0.22667698125000002 0.48527190937500003 0.24466937500000002 0.49356557187499994 0.2510054625
0 0.47947715312500006 0.24209169687499998 0.481848175 0.2238686859375 0.472351890625 0.22370292812499998 0.4703847453125 0.240385159375 0.47947715312500006 0.24209169687499998
0 0.386361509375 0.6998624265625 0.388880228125 0.7070264093749999 0.401692175 0.70941700625 0.4107521625 0.705550790625 0.421461875 0.7014038031250001 0.4214402609375 0.6976886328125 0.4337997015625 0.6932608765625 0.438698446875 0.6837498359375 0.4278824640625 0.6696305687499999 0.4290886890625 0.6640794343749999 0.42534213125000003 0.6587514140625 0.40676965000000004 0.6596654953125001 0.40219732812500003 0.654323059375 0.393088709375 0.6498301453125 0.388572225 0.6540852328125 0.385712671875 0.6592979437500001 0.37865225156250004 0.6520546828125 0.3741609828125 0.6606441390625 0.373776921875 0.6655904921875 0.3796077015625 0.67436011875 0.38461632031250004 0.6837345265625 0.3788521828125 0.6864200078125 0.3673257125 0.69210056875 0.3706792 0.7008269546875 0.36411451875 0.7078323875 0.3674409875 0.711914809375 0.3732123296875 0.71046771875 0.380586565625 0.700690321875 0.386361509375 0.6998624265625
0 0.5377802796875 0.8257127515624999 0.53399049375 0.812954390625 0.514110921875 0.8020821453125 0.4950967390625 0.7980354578125 0.477359028125 0.800511940625 0.4333391671875 0.8269853859375 0.4251211546875 0.8336523937500001 0.42644445624999994 0.8482250984374999 0.4273224546875 0.857217840625 0.4356143140625 0.86324433125 0.4513290453125 0.8678525562500001 0.46742423437499997 0.8668952359375 0.479396009375 0.8667946375 0.5378307125 0.8343814828125 0.5377802796875 0.8257127515624999
0 0.4565992453125 0.8512279812499999 0.43555487499999995 0.8530276125 0.43517981875 0.8595219546875 0.4446779046875 0.859997309375 0.45581130625000005 0.857715115625 0.459512834375 0.8553031953125 0.4565992453125 0.8512279812499999
0 0.482090834375 0.9751898062500001 0.4899193796875 0.9725403578125 0.48448166718749996 0.9603723656250001 0.48034384374999994 0.9587523093750001 0.4778845625 0.9618050437500001 0.482090834375 0.9751898062500001
0 0.4429967375 0.996796171875 0.4433591859375 0.9881346499999999 0.42146743750000004 0.986204696875 0.42067049375 0.99114384375 0.4429967375 0.996796171875
0 0.40473684062500004 0.8069834671875 0.4282981265625 0.8120382218750001 0.43113966875000004 0.8037295375 0.4104721578125 0.7993444265625 0.40473684062500004 0.8069834671875
0 0.473485978125 0.8444027203125 0.4775895796875 0.8401404234375001 0.4527590265625 0.8298008890625 0.4449430890625 0.83461751875 0.46355699687499996 0.84082418125 0.473485978125 0.8444027203125
0 0.4360411953125 0.9366189437499999 0.435141584375 0.92391103125 0.4008651796875 0.9220744703125 0.3992947046875 0.93597753125 0.4360411953125 0.9366189437499999
0 0.3991362015625 0.9087329484375 0.425181984375 0.9150693343749999 0.42721757499999996 0.9101518093750001 0.4007427 0.9010218390625001 0.3991362015625 0.9087329484375