0 0.299576271875 0.7207721484375 0.3139830515625 0.715434853125 0.3262711859375 0.7104524046875 0.3372881359375 0.7080350546874999 0.3525423734375 0.7074509265625 0.350423728125 0.7052628609375 0.3347457625 0.687418275 0.3072033890625 0.6519804031249999 0.2987288140625 0.648313959375 0.28305084687500004 0.6485876203125 0.2699152546875 0.6523134046875 0.2572033890625 0.6573032515625 0.2470338984375 0.6660630875 0.23983050781249998 0.6734996921875 0.25211864375 0.70125723125 0.26779661093749996 0.7397629734375 0.26779661093749996 0.7473917078125 0.275423728125 0.7361333375 0.2894067796875 0.7260354812500001 0.299576271875 0.7207721484375
0 0.13262711875 0.0421859375 0.1182203390625 0.043073137500000004 0.1012711859375 0.0370117078125 0.1182203390625 0.073588078125 0.126694915625 0.08297607031250001 0.13516949218750002 0.0856889234375 0.14915254218750001 0.0854448484375 0.16398305156249998 0.08264306875 0.171186440625 0.0729814140625 0.16313559375 0.033388948437499996 0.148305084375 0.038733639062500005 0.13262711875 0.0421859375
0 0.48728813593750003 0.603064603125 0.569491525 0.6124371109375 0.5758474578125 0.6148690796875 0.5817796609375 0.61444766875 0.5919491531250001 0.60823074375 0.5970338984375 0.59828820625 0.6 0.5899719703125 0.60211864375 0.5797633421875 0.60211864375 0.5714988796875 0.601694915625 0.5638775421875 0.599576271875 0.555967925 0.596186440625 0.54808049375 0.5906779656250001 0.5411836390625 0.5860169484375 0.538722084375 0.580508475 0.5378646453125 0.5779661015625 0.538226884375 0.5762711859375 0.539527925 0.571186440625 0.5396166796874999 0.45932203437499997 0.5485622890624999 0.45466101718749996 0.5499151015625 0.44788135625000003 0.5522584890625 0.44194915312500005 0.5612622265625 0.43983050781250005 0.5682922140625 0.43898305156250006 0.577207196875 0.44025423750000003 0.58449588125 0.4432203390625 0.5914371140625 0.44661016875000004 0.5951923125 0.4487288140625 0.59674465 0.4512711859375 0.5967002734375 0.4550847453125 0.59917661875 0.4588983046875 0.6003815078125 0.48728813593750003 0.603064603125
0 0.2834745765625 0.7150137890625 0.2800847453125 0.719205190625 0.28601694843750003 0.7260946515625 0.299576271875 0.7376189375 0.33305084687500003 0.7688210328125 0.348305084375 0.7831765109375 0.3860169484375 0.8273370640625 0.3911016953125 0.8282019015625 0.396186440625 0.8265238281249999 0.373305084375 0.8002226515625 0.34661016875 0.7714451296875 0.303813559375 0.7318234234375 0.2834745765625 0.7150137890625
0 0.1282750625 0 0.1275423734375 0.06706808125 0.133050846875 0.070468434375 0.134244621875 0 0.1282750625 0
0 0.2686440671875 0.7613629296875 0.27288135625 0.7641497421875 0.2779661015625 0.766921765625 0.2834745765625 0.771275709375 0.294067796875 0.7774480828125 0.308050846875 0.7807005124999999 0.3237288140625 0.7797911234375 0.3377118640625 0.7763684078125 0.3487288140625 0.7717260109375 0.35762711875000003 0.765849140625 0.3661016953125 0.7580724812499999 0.371186440625 0.74812994375 0.37288135625 0.7382465765624999 0.37076271250000004 0.7287476390625 0.37245762656250003 0.7217250468749999 0.36991525468750003 0.7147764171875 0.3677966109375 0.7106811671875 0.361440678125 0.7082491984375 0.35211864375 0.7071404609374999 0.336440678125 0.708685575 0.324576271875 0.7114355812500001 0.31186440625 0.7157896984375001 0.300423728125 0.720121628125 0.2915254234375 0.7250449078125001 0.27966101718749997 0.73192714375 0.27203389843750003 0.7393711484375001 0.2682203390625 0.7480200406249999 0.2661016953125 0.7537785734375 0.2686440671875 0.7613629296875
0 0.1148305078125 0.041225125 0.1241525421875 0.0426517265625 0.138559321875 0.040493071874999995 0.1487288140625 0.037136921875 0.1597457625 0.0340838453125 0.1644067796875 0.0314595765625 0.16737288125 0.0244147953125 0.1677966109375 0.0170965296875 0.1605932203125 0.0086399375 0.15423728750000001 0.004300784375 0.1449152546875 0.0028741828125 0.1355932203125 0.0011297140625 0.12288135625 0.0010337375 0.10932203437500002 0.0050847828125 0.0970338984375 0.0132458734375 0.0957627125 0.0170824296875 0.09661016875 0.026603554687499996 0.0987288140625 0.03355958125 0.10254237343749999 0.03698951875 0.1148305078125 0.041225125
0 0.475423728125 0.5463740484375 0.5584745765625 0.540792159375 0.601694915625 0.487272328125 0.6457627125000001 0.434373434375 0.6610169484374999 0.4163067890625 0.669491525 0.3999478015625 0.501694915625 0.33199304218750003 0.4762711859375 0.336569046875 0.394491525 0.4190518234375 0.3796610171875 0.43679320781250003 0.366949153125 0.455451203125 0.35593220312499996 0.47503320625 0.35296610156249997 0.4833494421875 0.350423728125 0.4897511 0.355508475 0.501741175 0.384322034375 0.5155421109375 0.4110169484375 0.525565659375 0.44067796562500006 0.5364910265625 0.4601694921875 0.540918759375 0.475423728125 0.5463740484375
0 0 0.38020649375 0.013135593749999999 0.371035815625 0.10423728750000001 0.3093693421875 0.1707627125 0.2617999984375 0.184322034375 0.2545703140625 0.1834745765625 0.24981714687499998 0.1707627125 0.2427281609375 0.166949153125 0.23929822500000003 0.126694915625 0.22823989843749998 0.08220338906249999 0.215666215625 0.06694915312500001 0.2121181125 0.05762711875 0.2122808296875 0 0.188800075 0 0.38020649375
0 0.22288135625 0.22338231875 0.23432203437500002 0.22953990000000002 0.251694915625 0.2298723828125 0.2792372875 0.237338228125 0.3894067796875 0.2042645453125 0.37076271250000004 0.18678959687500002 0.3487288140625 0.1744596421875 0.3322033890625 0.1645764484375 0.313559321875 0.1617232421875 0.3008474578125 0.1584486234375 0.246186440625 0.1530454578125 0.23135593281250003 0.1768262578125 0.2127118640625 0.1962235265625 0.19788135625 0.20411113125 0.1991525421875 0.20981049375 0.20720338906250002 0.2147557875 0.21610169531249998 0.2095146453125 0.2262711859375 0.209019271875 0.22288135625 0.22338231875
0 0.3322033890625 0.4163247 0.33262711875 0.41854234999999995 0.3334745765625 0.420116878125 0.34067796562499997 0.4212625984375 0.34237288125 0.42441165312500007 0.34618644062500004 0.42784159062500005 0.348305084375 0.43829412031250004 0.349576271875 0.438907659375 0.36313559375 0.435174478125 0.3639830515625 0.43293463593750003 0.3720338984375 0.42580110156249995 0.37923728749999996 0.4196359515625 0.37711864375 0.41744788593750004 0.37161016875 0.41500112343750006 0.36822033906249996 0.4125173828125 0.3627118640625 0.41134207656250005 0.3601694921875 0.4078899515625 0.3588983046875 0.40473349843750006 0.3610169484375 0.40183574218749996 0.36186440625 0.398960175 0.35847457656250004 0.3958407046875 0.3491525421875 0.39663915 0.3394067796875 0.4133381890625 0.334322034375 0.4140626703125 0.3322033890625 0.4163247
0 0.09618644062500001 0.701753990625 0.086440678125 0.7044670140625 0.0953389828125 0.7170262515625 0.1122881359375 0.708465940625 0.1427966109375 0.6949009921875 0.17245762656250002 0.682940153125 0.16313559375 0.6713419046875 0.1508474578125 0.677913675 0.1127118640625 0.69447253125 0.09618644062500001 0.701753990625
0 0.2686440671875 0.2518270109375 0.23559322031250002 0.2543111 0.2389830515625 0.25997348124999997 0.269491525 0.2568980421875 0.2686440671875 0.2518270109375