0 0.961048690625 0.834329928125 0.9674955531249999 0.8311426125000001 0.972965475 0.8331538296875 0.9822568453124999 0.8292417984375 0.98930281875 0.832963728125 0.9952167125000001 0.8279950484375 0.99530903125 0.81212675 0.9727200515625001 0.81206223125 0.9556288765625001 0.8143359703125 0.9527964437499999 0.8160979828125001 0.961048690625 0.834329928125
0 0.8721722656249999 0.462580134375 0.9083165453125 0.44832712968750005 0.8959147656249999 0.38553388437499997 0.8882576078125 0.37386541875 0.8694960125 0.3886077796875 0.8107405312499999 0.42110605 0.8232867859375 0.451737215625 0.8284011874999999 0.49006269218750004 0.8590192171875 0.46895777812499995 0.8721722656249999 0.462580134375
0 0.89440600625 0.5010522234375 0.9051911328125 0.514067534375 0.9091976531249999 0.5240494250000001 0.9194096375 0.5100981703125 0.9332239781249999 0.4936843203125 0.9225917390625 0.4938080375 0.9240269765625 0.4834170140625 0.9071629390625 0.482921625 0.89440600625 0.5010522234375
0 0.8251075359375 0.38532036718749996 0.822715109375 0.358029159375 0.8199708234375 0.322788396875 0.7594381203125 0.3362877578125 0.746807740625 0.343005128125 0.7637844296875 0.353181909375 0.7642628421875 0.349718234375 0.77099316875 0.3486024890625 0.7665104296874999 0.36456194375 0.763997665625 0.3715073953125 0.733021925 0.4064489046875 0.768488815625 0.40084904843749997 0.7967228296875 0.3977540296875 0.8251075359375 0.38532036718749996
0 0.7478289390625 0.341610003125 0.7276961156249999 0.32766602968749997 0.7018340484375 0.31171385625000003 0.669293959375 0.3013723625 0.6450924359375 0.2943919484375 0.6304580625 0.32948911718749996 0.613511728125 0.3442103578125 0.5961594015625 0.3686190203125 0.6087517421875 0.3809216828125 0.617617003125 0.384968253125 0.660202290625 0.389314078125 0.67725323125 0.383582703125 0.671668825 0.3940220046875 0.69915925 0.41617982031249995 0.711303171875 0.412234596875 0.7174245078125 0.42564998593750003 0.7426871 0.3900833359375 0.763742365625 0.37185617656250003 0.765736484375 0.364916759375 0.771252490625 0.348599471875 0.7660660328125 0.348659821875 0.7645543531250001 0.352481328125 0.7478289390625 0.341610003125
0 0.5358556640625001 0.3572173421875 0.5543118515625001 0.360806503125 0.5629159578125 0.3869880015625 0.58324958125 0.373610590625 0.5905951140625 0.3807871421875 0.5994903671875 0.3651221546875 0.6130292921875 0.3473282671875 0.6193755734375 0.3354968578125 0.6216107265625 0.30469369375 0.6218115296875 0.277372309375 0.620193046875 0.24972628437500002 0.6051040375000001 0.2457521328125 0.5647301265625 0.253138140625 0.5610334046875 0.2697800703125 0.5323173171875 0.32060257812500004 0.5294548890625 0.34207614999999997 0.5274285843750001 0.34624945625 0.5275613546875 0.3576596671875 0.5358556640625001 0.3572173421875
0 0.6912665578125 0.11679957031249999 0.6553490531249999 0.0836738703125 0.6195160390625001 0.057809209375000004 0.5911510859375 0.0273621109375 0.57901338125 0.054130771875000004 0.5862766171875 0.07652395468749999 0.5757990953125 0.0676547921875 0.5660556453125001 0.0995827546875 0.5596914421875 0.1321630171875 0.5748931046875 0.145818559375 0.59673255625 0.15040578124999998 0.61035414375 0.162004846875 0.6373017828124999 0.182094115625 0.6579130171875 0.1925744140625 0.6880731140624999 0.22127157031250003 0.6965382328125 0.2132194234375 0.699286178125 0.20419636875 0.7108309890625 0.1933419 0.735003984375 0.1532923890625 0.7189961890625 0.1372255515625 0.7085267125 0.1290479171875 0.6983930015625 0.12743678125 0.6912665578125 0.11679957031249999
0 0.2749866453125 0.8291721734375 0.26855185000000004 0.8333967781249999 0.262758234375 0.8258563578125001 0.24117627343749998 0.8433980218749999 0.2293842109375 0.8552928015625 0.2552382328125 0.8705534437500001 0.26599921875 0.8814941703124999 0.28506841562499996 0.8708979593749999 0.305261225 0.8454188125 0.29746544375 0.8441262828125 0.290067609375 0.8324548 0.2749866453125 0.8291721734375
0 0.41843393906250004 0.5190398453125 0.4306243109375 0.5413756953125 0.44137505781249997 0.529147221875 0.45447178125 0.5179288859375 0.4541440625 0.5120539171875 0.44269361875 0.508729046875 0.430549696875 0.512674275 0.41843393906250004 0.5190398453125
0 0.3656578875 0.4190230296875 0.36586893125 0.41487084375 0.35656146875 0.41739982031249995 0.36422265 0.42941405 0.372744096875 0.4262026 0.3656578875 0.4190230296875
0 0.29593842187499997 0.4454242828125 0.2915701640625 0.44893321718749996 0.29771161875 0.4640774296875 0.30540681875 0.4567258625 0.29593842187499997 0.4454242828125
0 0.22286385156250002 0.47324781875 0.23168083125 0.473145225 0.237329609375 0.46823814375 0.23350194531250001 0.45133795781249997 0.22286385156250002 0.47324781875
0 0.092031959375 0.41874884687499997 0.1179905875 0.442999353125 0.13745590000000002 0.44415609843750004 0.114735703125 0.40845615312500005 0.092031959375 0.41874884687499997
0 0.4664613359375 0.8127659250000001 0.4558510421875 0.7924865546875 0.45276733125 0.7949431109375 0.4646903328125 0.81659045 0.4664613359375 0.8127659250000001
0 0.4562109484375 0.801127634375 0.45686017031250004 0.7900541359375 0.4542186609375 0.78593514375 0.44775168125000003 0.7873936375 0.44501580625 0.7974539843749999 0.44561089374999996 0.8040174625000001 0.44977213125000004 0.8050064734375001 0.4562109484375 0.801127634375
0 0.8039480250000001 0.43916724531250007 0.795131046875 0.439269840625 0.7856527734375 0.449408640625 0.8065193078125 0.4595401578125 0.8141903656249999 0.4501140078125 0.8214151968750001 0.44691764218749996 0.8194993546875 0.43829466874999995 0.8093052921874999 0.43149707187499997 0.8039480250000001 0.43916724531250007
0 0.9318717781249999 0.33289806718750004 0.9257504390625 0.31948267656249996 0.9028415078125 0.3121414109375 0.8954177031249999 0.3205272515625 0.902291040625 0.3539909140625 0.8970424015624999 0.3709967125 0.9026129062500001 0.381652025 0.9176496125 0.381131246875 0.93212341875 0.376813103125 0.9397019390624999 0.35943438125 0.9391229421875 0.3542539578125 0.9416155890625 0.345579684375 0.9318717781249999 0.33289806718750004
0 0.8216774546875 0.3134316515625 0.8080818390625 0.28177526406250003 0.7774436921875 0.3011513609375 0.7765552640625 0.31395669375 0.797305121875 0.314061059375 0.8182901609375 0.312087821875 0.8216774546875 0.3134316515625
0 0.3322381671875 0.021037946874999998 0.3472346421875 0.017059528125 0.35331757656249996 0.004885371875 0.353262815625 0.0045401984375 0.31692468906250004 0.0049630296875 0.31754308125 0.006339078125 0.3187372828125 0.019811799999999997 0.31571794375 0.0278005796875 0.319153515625 0.033293575 0.3286921375 0.028341231249999998 0.3322381671875 0.021037946874999998
0 0.1237469046875 0.3135991609375 0.11815628281249999 0.301215028125 0.0962001546875 0.28660065 0.06762635156249999 0.2827834078125 0.0611414484375 0.304990753125 0.060856153125 0.32505109375 0.0792238265625 0.32103344843750004 0.08870026875 0.33302655468750003 0.11610400937500001 0.3254456578125 0.1237469046875 0.3135991609375
0 0.3732012890625 0.5323611703125 0.3396539015625 0.5023201875 0.3350746015625 0.5099813078125 0.3343811234375 0.5172514031250001 0.36661177968750003 0.5455786546875 0.3732012890625 0.5323611703125
0 0.33711772500000003 0.596410215625 0.33416861249999996 0.5881450734375 0.3175357359375 0.58522631875 0.2987759703125 0.5778367734375001 0.3046017765625 0.5881433046875 0.3261076546875 0.6086417046875 0.32994922031249996 0.604447275 0.33299672187499996 0.59887884375 0.33711772500000003 0.596410215625
0 0.297440225 0.4630431546875 0.2921411140625 0.4534221140625 0.2875336515625 0.45866288749999995 0.29146775156250004 0.46242102812499997 0.2939044359375 0.493515640625 0.3040180296875 0.4933979578125 0.31351239531249997 0.4846422140625 0.3133836484375 0.4735777671875 0.297440225 0.4630431546875
0 0.6791544359375 0.569260940625 0.6738311828125 0.5575653171875 0.6626320156250001 0.5535459015625 0.6598317671875 0.558074025 0.6696600687500001 0.5780166859375 0.6778980531250001 0.5727336671875001 0.6791544359375 0.569260940625
0 0.5531970125 0.4656001265625 0.5568860531250001 0.492876246875 0.5944074125000001 0.48552343125 0.5885914828125001 0.4537765203125 0.5531970125 0.4656001265625
0 0.6262112328125 0.4325901296875 0.6191872015625 0.40846511249999995 0.6136690015624999 0.402304728125 0.6173657265625 0.38566280000000003 0.6092663640625 0.380569884375 0.60559378125 0.3992863953125 0.5878332687500001 0.4109048140625 0.58369031875 0.4337765296875 0.5868424265625001 0.4371979578125 0.5909092968749999 0.4523663078125 0.6070235281249999 0.455291096875 0.6134583218749999 0.45106649374999996 0.620695225 0.44890742031249997 0.6262112328125 0.4325901296875
0 0.6572656109375 0.42669580937499996 0.6658071734375001 0.42521317812500004 0.6770524265625 0.4109040859375 0.6607450765625 0.391382628125 0.6405098406249999 0.390926465625 0.6391067890625 0.40408359843749997 0.6418891140625 0.420304328125 0.6572656109375 0.42669580937499996
0 0.582734959375 0.3739623890625 0.5739863749999999 0.3799429703125 0.57663995625 0.3850992546875 0.573936265625 0.3979257109375 0.57557669375 0.4051686484375 0.5764753625 0.4155325125 0.5795671203125 0.413767484375 0.6045766046875001 0.4010272875 0.6084924203125001 0.3809247 0.5969494421875 0.369647259375 0.5903398140625 0.38113592343749997 0.582734959375 0.3739623890625
0 0.6404897234375 0.38919764375 0.618167834375 0.3877283296875 0.61315035625 0.4023107640625 0.62020035625 0.40637845781250004 0.6328226890625 0.3989695609375 0.6404897234375 0.38919764375
0 0.42370490156249996 0.2810607328125 0.407468140625 0.2898949328125 0.40527102656249997 0.3016780625 0.43342676718749995 0.3141454375 0.44461569218749997 0.2949956546875 0.44417532031249995 0.27943929375 0.43688209218749996 0.2767576734375 0.42370490156249996 0.2810607328125
0 0.40850142187499994 0.04435729375 0.39208580312499997 0.0601097875 0.39828760625 0.0804404578125 0.420082803125 0.08122427812500001 0.44036814843750005 0.0636977015625 0.429657271875 0.0347742328125 0.40850142187499994 0.04435729375
0 0.651793859375 0.4468165 0.64887108125 0.46310361406249995 0.6652406109375 0.46567962500000004 0.6682380046875 0.4780939328125 0.6752759328125 0.48112433593750004 0.672157840625 0.45833710937500005 0.651793859375 0.4468165
0 0.6617615578125 0.48988363125 0.662309215625 0.48819143125000003 0.6631843140625 0.489564490625 0.6671685265625 0.47533989062500004 0.665883825 0.474786721875 0.6667334921875 0.47361589843749996 0.6649933578125 0.4667199328125 0.6491344265625 0.46344636093749997 0.6491827078125 0.46759552812500005 0.6504674078125 0.468148696875 0.6500578078125 0.46896858750000003 0.6544333109375 0.47583388906249996 0.6480590953124999 0.48247846406250006 0.6518022703125 0.49211760781249997 0.6617615578125 0.48988363125
0 0.369736828125 0.4352286703125 0.3619651859375 0.43601072343749997 0.37403083593750003 0.447627890625 0.38706940156249997 0.45370076875 0.3937192609375 0.4456697421875 0.37634060156250004 0.44552614999999995 0.369736828125 0.4352286703125
0 0.1400192890625 0.43893910937499997 0.140222646875 0.43993300625 0.141160175 0.439963265625 0.1413450484375 0.440866809375 0.1423010640625 0.44098742343749997 0.1424674484375 0.4418006109375 0.1434419515625 0.44201157812499997 0.1435898484375 0.4427344125 0.1445828375 0.443035734375 0.144712246875 0.4436682140625 0.145723725 0.44405989218749997 0.1458346484375 0.44460201875000005 0.1468646140625 0.4450840484375 0.1469570484375 0.4455358203125 0.14800549999999998 0.44610820625000003 0.1480794484375 0.4464696234375 0.1491463875 0.4471323625 0.1492018484375 0.44740342499999997 0.15256905 0.45020483125000005 0.15614726875 0.4456676578125 0.127774553125 0.42198316875 0.1272090078125 0.42291191093749997 0.12663964375 0.42103579062499996 0.126356871875 0.4215001625 0.1255047359375 0.4200884109375 0.12338664375 0.4259259703125 0.1087954390625 0.41378653906249996 0.1108619515625 0.409884471875 0.10299375156249999 0.40236819218750003 0.097839478125 0.40519465156249995 0.10416344687500001 0.4100200515625 0.1323658453125 0.433396390625 0.13317396406249998 0.43279416875 0.1334882453125 0.43433019218749996 0.1343148515625 0.433818325 0.1346106453125 0.43526399375 0.1354557375 0.43484248125 0.1357330453125 0.43619779531249997 0.136596625 0.4358666390625 0.136855446875 0.43713159843750005 0.1377375140625 0.4368907953125 0.13797784531249999 0.43806540156249996 0.1388784 0.43791495156250004 0.139100246875 0.438999203125 0.1400192890625 0.43893910937499997
0 0.7978025625 0.17849746718749998 0.78024906875 0.1856179328125 0.7820464046875 0.20634566250000003 0.7965725124999999 0.20652244843749998 0.8029710953125001 0.19918596875 0.8054476484374999 0.1891286390625 0.7978025625 0.17849746718749998
0 0.3097136484375 0.0690219234375 0.317780821875 0.07134872812500001 0.32697563125 0.0591383625 0.3219519359375 0.0508973578125 0.3097136484375 0.0690219234375