0 0.642565359375 0.33517156875 0.6458333328125 0.33180147031249996 0.6499183000000001 0.330882353125 0.6568627453125 0.328431371875 0.6633986921874999 0.327818628125 0.6744281046875 0.320772059375 0.6846405234375 0.3140318625 0.6846405234375 0.3079044125 0.68831699375 0.30575980468749997 0.6924019609375 0.30545343125 0.6911764703125 0.3014705875 0.6919934640625 0.2987132359375 0.697303921875 0.297181371875 0.7030228765625 0.298100490625 0.7079248359375 0.2959558828125 0.7128267968750001 0.288602940625 0.707516340625 0.28125 0.7005718953125 0.2791053921875 0.6932189546874999 0.2791053921875 0.685457515625 0.2861519609375 0.677696078125 0.292585784375 0.6625816999999999 0.30238970625 0.6495098046875001 0.3118872546875 0.64460784375 0.3186274515625 0.644199346875 0.3235294125 0.6405228765625 0.328431371875 0.6388888890625 0.3333333328125 0.642565359375 0.33517156875
0 0.6384803921875 0.3333333328125 0.6421568625 0.33517156875 0.6454248359375 0.3327205875 0.65073529375 0.330882353125 0.6486928109375001 0.328125 0.6458333328125 0.3259803921875 0.643382353125 0.32506127500000004 0.6401143796875 0.327818628125 0.6397058828125 0.3302696078125 0.6384803921875 0.3333333328125
0 0.7638888890625 0.19301470625 0.759395425 0.1927083328125 0.7532679734375 0.19454656875 0.75081699375 0.200061275 0.7434640515625001 0.2107843140625 0.740604575 0.21537990156250003 0.739379084375 0.223039215625 0.740604575 0.22886029375 0.75081699375 0.2282475484375 0.7642973859375 0.2236519609375 0.77573529375 0.22212009843749997 0.7986111109375 0.21660539218750002 0.78513071875 0.20098039218750002 0.76797385625 0.20894607812500002 0.748774509375 0.21966911718749998 0.7573529406249999 0.20772058750000003 0.7728758171875 0.197303921875 0.76879085 0.19454656875 0.7638888890625 0.1969975484375 0.7638888890625 0.19301470625
0 0.5833333328125 0.27879902031250003 0.5939542484375 0.2791053921875 0.609068628125 0.278492646875 0.6123366015625 0.273897059375 0.6131535953125 0.2674632359375 0.6107026140625 0.2634803921875 0.6172385625000001 0.26194852968750004 0.6213235296875 0.26194852968750004 0.62418300625 0.252757353125 0.6209150328125 0.2518382359375 0.6115196078125 0.25337009843749997 0.6004901953124999 0.25367647031249996 0.59150326875 0.2518382359375 0.580882353125 0.251225490625 0.5833333328125 0.2549019609375 0.57883986875 0.257352940625 0.5759803921875 0.2594975484375 0.5739379078125 0.25398284375 0.572303921875 0.2515318625 0.562908496875 0.250306371875 0.554330065625 0.25367647031249996 0.551879084375 0.25704656875 0.552696078125 0.268382353125 0.5567810453125001 0.2717524515625 0.563725490625 0.275428921875 0.5833333328125 0.27879902031250003
0 0.45547385625 0.6767769609375 0.45710784374999996 0.6810661765625 0.4791666671875 0.688725490625 0.4848856203125 0.6822916671875 0.490196078125 0.6792279406249999 0.49468954218750005 0.6865808828125 0.4869281046875 0.6881127453125 0.490604575 0.6979166671875 0.5044934640625 0.703125 0.5040849671875 0.69301470625 0.5049019609375 0.6868872546875 0.509395425 0.6807598046875001 0.5032679734375 0.6755514703125 0.501225490625 0.669117646875 0.5073529406249999 0.66789215625 0.5228758171875 0.6657475484375001 0.5265522875 0.662071078125 0.518382353125 0.65073529375 0.491013071875 0.6372549015625 0.48815359531249997 0.6455269609375 0.481617646875 0.643382353125 0.48080065312500003 0.6332720593750001 0.46119281093750003 0.6256127453125 0.446486928125 0.625 0.4485294125 0.6188725484375001 0.437908496875 0.61335784375 0.4068627453125 0.6614583328125 0.4391339875 0.674632353125 0.44771241875 0.673100490625 0.45547385625 0.6767769609375
0 0.2892156859375 0.792585784375 0.29616013125 0.785539215625 0.30024509843749997 0.7803308828125 0.3059640515625 0.776960784375 0.30392156875 0.7677696078125 0.303513071875 0.7591911765625 0.2982026140625 0.7591911765625 0.29370915000000003 0.765931371875 0.2888071890625 0.7591911765625 0.2814542484375 0.7588848046875001 0.2708333328125 0.7582720593750001 0.2647058828125 0.7634803921875 0.241013071875 0.794117646875 0.2467320265625 0.799938725 0.267565359375 0.812806371875 0.2806372546875 0.80085784375 0.2892156859375 0.792585784375
0 0.3700980390625 0.48805147031249996 0.375408496875 0.49448529375000005 0.3803104578125 0.4954044125 0.38521241875 0.4908088234375 0.390931371875 0.484068628125 0.39950980468749997 0.47303921562499995 0.40236928125000004 0.46384803906250005 0.4154411765625 0.45710784374999996 0.41094771249999995 0.453431371875 0.3888888890625 0.4540441171875 0.3807189546875 0.46047794062499997 0.367647059375 0.4702818625 0.3700980390625 0.48805147031249996
0 0.7169117640625 0.1510416671875 0.716094771875 0.147977940625 0.7087418296875 0.14307597968750002 0.7030228765625 0.14767156875 0.7116013078125001 0.151960784375 0.7169117640625 0.1510416671875
0 0.903594771875 0.027879901562499997 0.910539215625 0.021446078125 0.919117646875 0.020526960937499998 0.921568628125 0.017769607812499998 0.92116013125 0.0134803921875 0.9158496734374999 0.0094975484375 0.903594771875 0.00551470625 0.90073529375 0.0064338234375 0.8999183000000001 0.0134803921875 0.895016340625 0.0193014703125 0.894199346875 0.024203431249999997 0.903594771875 0.027879901562499997
0 0.9256535953125 0.013786764062500002 0.9260620921875 0.0079656859375 0.9285130718750001 0.0076593140625 0.9285130718750001 0.0036764703125 0.9317810453125001 0 0.8995098046875001 0.0006127453125 0.9052287578125 0.0061274515625 0.919117646875 0.01164215625 0.9227941171875 0.013786764062500002 0.9256535953125 0.013786764062500002
0 0.44485294062499997 0.2481617640625 0.453431371875 0.2518382359375 0.4620098046875 0.25551470625 0.46568627500000004 0.25857843125 0.47140522812499996 0.2552083328125 0.47222222187499996 0.25245097968749997 0.4587418296875 0.23835784375000002 0.4509803921875 0.23284313750000002 0.45016339843750003 0.2337622546875 0.446895425 0.2392769609375 0.44362745156249994 0.2438725484375 0.44485294062499997 0.2481617640625
0 0.4775326796875 0.7607230390625 0.49591503281250005 0.748774509375 0.51797385625 0.735600490625 0.5302287578125 0.7239583328125 0.534722221875 0.7126225484375001 0.535539215625 0.6982230390625 0.533905228125 0.693321078125 0.5253267968750001 0.6979166671875 0.510620915625 0.6951593140625 0.48733660156249997 0.7294730390625 0.48039215625000004 0.7417279406249999 0.47589869218749997 0.7576593140625 0.4775326796875 0.7607230390625