0 0.76662898125 0.219394315625 0.7581643671875 0.3141332 0.757897078125 0.3294154828125 0.7702883078125 0.3414498140625 0.789480725 0.3495059671875 0.8200694078125 0.354046625 0.8471424015625001 0.34904776875 0.865140865625 0.338444128125 0.9285834656249999 0.24022397812500002 0.897333275 0.251291084375 0.85674986875 0.2527104515625 0.8177992578125 0.24721547500000002 0.788903071875 0.2366934671875 0.76662898125 0.219394315625
0 0.76540653125 0.2197487609375 0.7885486546875 0.23764094062500002 0.81612289375 0.2469624125 0.8513066578125 0.2519657453125 0.8832931187499999 0.2524055125 0.9102666140625001 0.24585167187499998 0.9261584640624999 0.2412438671875 0.9373358406250001 0.23430740781249998 0.9466776593749999 0.224629909375 0.9483663874999999 0.21210314531250002 0.9471961015625 0.2002997578125 0.9427327828125 0.1889232328125 0.9375407265625 0.179130659375 0.9282075093750001 0.1694829171875 0.91021764375 0.16076131875 0.890276590625 0.1539781171875 0.8622124046874999 0.149972553125 0.8340723875 0.1512684171875 0.8030771203124999 0.15983306875 0.7871890359375 0.17098628437500002 0.7800533296875 0.17622293125 0.7695089609375 0.1865658703125 0.7634203765625001 0.1951945125 0.7607442203125 0.2052622703125 0.76540653125 0.2197487609375
0 0.42551392187500003 0.6742396046875 0.43356875937500006 0.6898542140624999 0.437992278125 0.7006087437499999 0.4385494578125 0.70931665 0.4372587125 0.7280633453124999 0.4359120359375 0.7524224625 0.4322161875 0.7725000453125 0.432634071875 0.7790309734374999 0.4446870109375 0.7857783640625 0.45845235000000006 0.786855396875 0.47103126875 0.7823634578124999 0.47891667812499994 0.743437796875 0.4837317109375 0.7149053734375 0.483648346875 0.7071159734375 0.49779660000000003 0.6882312921875 0.50776389375 0.6688694500000001 0.5194059109375 0.578383134375 0.5184943140625 0.5706227015625001 0.5100490234375 0.5618789843750001 0.4947428484375 0.556180453125 0.475159984375 0.5549951890625 0.4558955046875 0.558785871875 0.4427271421875 0.5670387359375 0.426294821875 0.6604978203125 0.42551392187500003 0.6742396046875
0 0.3085889671875 0.7020175765625 0.2993030796875 0.706082653125 0.31347016875 0.719925028125 0.3213222484375 0.7258842609375 0.3283584609375 0.7190926328125 0.3085889671875 0.7020175765625
0 0.38431576562499997 0.6011859515625 0.41024213906250007 0.591240115625 0.4000645546875 0.58785575625 0.381867096875 0.5953494312500001 0.38431576562499997 0.6011859515625
0 0.3174817859375 0.90586518125 0.26597215625000004 0.9051731390625 0.26613511875 0.914206525 0.31719083124999997 0.91429105625 0.3174817859375 0.90586518125
0 0.1827358234375 0.8756682250000001 0.1921050734375 0.879392546875 0.20423384531250002 0.8808385109374999 0.2229126484375 0.8873541671874999 0.2276233546875 0.883137409375 0.20882515625 0.8747557765625 0.199654896875 0.8741414187500001 0.1877213515625 0.8692600109375 0.1827358234375 0.8756682250000001
0 0.4165415046875 0.4691480140625 0.40916323906249996 0.4641072890625 0.3965445203125 0.4679772328125 0.3819907515625 0.46755116093750004 0.24741528124999998 0.45947841250000004 0.2358200203125 0.45988394687499995 0.2248454046875 0.476475784375 0.223077078125 0.4877585640625 0.2219379921875 0.495902409375 0.2226543640625 0.5070982859375001 0.2274522015625 0.517216340625 0.378408403125 0.547781434375 0.3841501015625 0.5531910921875001 0.396474096875 0.551201609375 0.4058557140625 0.5421461046875 0.412374546875 0.5272685640625 0.41758756406249997 0.5049560718749999 0.41642964375 0.4803728578125 0.4165415046875 0.4691480140625
0 0.37844549843749997 0.5094419546875 0.3765018453125 0.5244711734374999 0.376549178125 0.538183990625 0.37718595312500003 0.54813588125 0.3824339390625 0.552316034375 0.39201831249999997 0.5529159078125 0.40986511718749996 0.5529151171875 0.4241800984375 0.54960923125 0.43780237499999997 0.5419638765625 0.4468096734375 0.53354485 0.451791434375 0.5205912234375 0.45448749062499993 0.5108344625 0.45475854687500006 0.5020975890625 0.4506894453125 0.490395584375 0.4403886984375 0.4785998359375 0.42835565625000005 0.47216344374999997 0.41683622500000006 0.46726755000000003 0.41162803906249995 0.46370939062499994 0.4045482609375 0.46333361562500003 0.39427871406250004 0.47148509531249994 0.3862986421875 0.4829851234375 0.3809027640625 0.49595323437500005 0.37844549843749997 0.5094419546875
0 0.313023703125 0.4924050796875 0.53563334375 0.5401007953125 0.53484114375 0.53420634375 0.31258591875 0.4855631546875 0.2735955140625 0.4794461859375 0.2629080828125 0.4810667390625 0.2806989578125 0.4866783703125 0.313023703125 0.4924050796875
0 0.41483557812500005 0.52032525625 0.43233173125 0.5278173500000001 0.4352864765625 0.5221035453125 0.4195263859375 0.5157975031250001 0.41483557812500005 0.52032525625
0 0.46537391250000004 0.512323875 0.4644897484375 0.5179652625 0.49058285156250003 0.523598225 0.49351769687499997 0.5175734234375 0.47760218125 0.515324821875 0.46537391250000004 0.512323875
0 0.3697296484375 1 0.371508953125 0.9977950906249999 0.36829175 0.9929205281250001 0.3679534640625 0.9876335859375001 0.3553841140625 1 0.3697296484375 1
0 0.45592555468749996 0.3711459015625 0.44931959218750006 0.37168863281250003 0.4479691484375 0.3895023390625 0.45374687812500003 0.38898857656249997 0.45592555468749996 0.3711459015625