0 0.4891652640625 0.2384499484375 0.49792189374999996 0.24346957656249998 0.623474509375 0.22727933125000002 0.624437303125 0.22318446406249998 0.6219512218750001 0.22154153124999998 0.4891652640625 0.2384499484375
0 0.5132060968750001 0.11061327812499999 0.5561634234375 0.11214935156250001 0.5555770296875 0.106966765625 0.43092479843750003 0.1026537390625 0.4289882140625 0.106680484375 0.492413521875 0.1094035640625 0.50406953125 0.10630158125 0.5132060968750001 0.11061327812499999
0 0.45462143906249997 0.0396746359375 0.44850946093750005 0.0385125609375 0.43265884374999997 0.0797604234375 0.38755656250000003 0.184088459375 0.39478990468749997 0.1833702875 0.42173250468749995 0.12061825625 0.43968926562500005 0.0817212578125 0.45462143906249997 0.0396746359375
0 0.7042436859375 0.63862346875 0.7081203890625 0.6391395015625 0.7283344109375001 0.6092145203125 0.732111803125 0.5938092390625 0.73552770625 0.57886834375 0.747796778125 0.5332077140625 0.7552593296875 0.5036148828125 0.7627034312500001 0.4742655953125 0.75691605 0.4731262296875 0.7563516390625 0.47626961874999996 0.7218793906250001 0.608273284375 0.702572821875 0.6348340375 0.7042436859375 0.63862346875
0 0.41223261562499997 0.4269785296875 0.36311303906250003 0.3473982375 0.3589082046875 0.3382899765625 0.3657474671875 0.30400165156250003 0.3567694671875 0.301904575 0.349708840625 0.3391154515625 0.354005909375 0.3470059828125 0.40661479375000004 0.43221677031250005 0.41223261562499997 0.4269785296875
0 0.180448396875 0.2430510703125 0.16924649687499999 0.22292536406250002 0.1498672890625 0.185823571875 0.14409835625 0.184440659375 0.14158637031250002 0.1874478046875 0.16026849999999998 0.2208282875 0.178784603125 0.25640068125000004 0.19575897343749998 0.28647882343750003 0.20439000937500001 0.30177279375 0.2050062234375 0.28932924375 0.1968768015625 0.27602905624999996 0.180448396875 0.2430510703125
0 0.46527256406250006 0.7477520875 0.45719456249999996 0.746697315625 0.347296334375 0.7630033218750001 0.344172053125 0.7654779625 0.344256834375 0.7686667671875 0.3476244671875 0.7715955515624999 0.38393876250000003 0.7660563265625 0.44740488437500003 0.755316259375 0.45954405937500004 0.7544516031249999 0.46527256406250006 0.7477520875
0 0.4336826921875 0.583215678125 0.393858253125 0.510161703125 0.3890262109375 0.509334003125 0.3842051609375 0.5126692921875 0.4317311984375 0.596055490625 0.44304378125 0.614719921875 0.4503878078125 0.6125404750000001 0.4336826921875 0.583215678125
0 0.22269334999999998 0.2712244765625 0.22486697968749997 0.2123709625 0.2184304046875 0.2111861796875 0.216415346875 0.272254315625 0.22269334999999998 0.2712244765625
0 0.13836448437499999 0.49277824062500003 0.1394230515625 0.49603516562500005 0.1442735421875 0.49661931875 0.2002080109375 0.46037906093750003 0.200130684375 0.4527837234375 0.13836448437499999 0.49277824062500003
0 0.04870388125 0.6037826421875 0.08289320156249999 0.6176816765625001 0.1054045296875 0.6263567171875 0.12451133125 0.6325900671875 0.1089640921875 0.622443509375 0.0678365859375 0.6053659125 0.035196453125 0.5925545984375 0.029670870312499997 0.596575109375 0.04870388125 0.6037826421875
0 0.352343353125 0.4981985703125 0.35302198281249997 0.5021634265625 0.3684400921875 0.51401480625 0.37663976718750003 0.5177712890625 0.42173267656249996 0.52557766875 0.4304304296875 0.5227584125 0.37738865 0.512192440625 0.3573045265625 0.49732144843750004 0.352343353125 0.4981985703125
0 0.3285204359375 0.8170228749999999 0.33354909374999997 0.754941375 0.32644488125 0.753954725 0.3220100734375 0.8168122765625 0.3285204359375 0.8170228749999999
0 0.3396849703125 0.65670154375 0.3421270875 0.6416925265625 0.3355060390625 0.6429432046875 0.333296284375 0.6591926578125 0.3396849703125 0.65670154375
0 0.320843590625 0.8666772999999999 0.3271106015625 0.8614844734375 0.24117158125 0.776880103125 0.23532140156249998 0.7808779078125 0.320843590625 0.8666772999999999
0 0.38320679375 0.8575739328124999 0.370592290625 0.8302491515625 0.3554069265625 0.7980926328125 0.3484428359375 0.7995641499999999 0.3485829609375 0.8020223156249999 0.376401275 0.8612600703125001 0.38320679375 0.8575739328124999
0 0 0.5797029796875 0.0311379265625 0.6038488671875 0.0326692359375 0.6035957640625 0.0322977796875 0.6047482734375 0.033715270312500004 0.6045703828125 0.0334576328125 0.6056476796875 0.034761303125 0.6055450015625 0.034617484375 0.6065470875 0.0358073375 0.6065196203125 0.0357773359375 0.60744649375 0.036853371875 0.6074942390625 0.0369371875 0.6083459015625 0.0385417203125 0.6087029828125 0.038945440625 0.609443475 0.0401462515625 0.6090600640625 0.0417507828125 0.609417146875 0.039991475 0.6104180953125 0.04522164375 0.6152911890625 0.0682934640625 0.6337988953125 0.071620665625 0.62864525 0.048168909375 0.6108454734375 0.046564378125 0.6104883921875001 0.0470028921875 0.6099302953125 0.012022343750000001 0.5824749328125 0.0107025203125 0.583128771875 0.010856328125 0.581559753125 0.0096564859375 0.5821541531250001 0.009690309375000001 0.5806445734375 0.0086104515625 0.581179534375 0.008524290625 0.5797293953125 0.00756441875 0.580204915625 0.007358271875 0.5788142171875 0.006518382812499999 0.5792302968749999 0.0061922546875 0.5778990375 0.00547235 0.5782556796875 0.0050262359375 0.5769838593750001 0.004426315625 0.577281059375 0.0038602171875 0.57606868125 0.00338028125 0.576306440625 0.0026941984375 0.5751535015625 0.0023342468750000003 0.575331821875 0.0015281828125000001 0.5742383234374999 0.0012882125 0.574357203125 0 0.5731569390625 0 0.5797029796875
0 0.0941040890625 0.5472185453125 0.09052608125 0.5513753 0.1282086296875 0.5579287749999999 0.133800546875 0.5573406140625 0.13241738281249998 0.5540609812499999 0.0941040890625 0.5472185453125
0 0.0961757265625 0.6232627500000001 0.076242715625 0.6150129125 0.00468053125 0.6033961765625 0.003680840625 0.6079781359374999 0.0961757265625 0.6232627500000001
0 0.1148547015625 0.626528134375 0.1209666796875 0.6276902093750001 0.12227251875 0.623374503125 0.1064595609375 0.621044121875 0.1148547015625 0.626528134375
0 0.39759014531250003 0.5642867765624999 0.39167755312499997 0.5518761750000001 0.38493483125 0.550425140625 0.3979771578125 0.5807178875 0.39759014531250003 0.5642867765624999
0 0.205286853125 0.27270000156249996 0.1998723359375 0.25371366093750003 0.1940849546875 0.25257429375 0.1993149984375 0.2739960921875 0.205286853125 0.27270000156249996
0 0.3113386703125 0.4191859578125 0.32042735312500004 0.419821759375 0.34010601875 0.418505184375 0.3494455078125 0.4201378765625 0.3628571625 0.42401412968749996 0.369979821875 0.424757234375 0.3726024921875 0.42028881250000005 0.3128399734375 0.41659778125 0.3113386703125 0.4191859578125
0 0.1089692484375 0.7473104312500001 0.1053916234375 0.7299216109375 0.097490640625 0.7308379140625 0.1023850953125 0.7480740171875 0.1089692484375 0.7473104312500001
0 0.21109775156250002 0.1959830390625 0.20425887343750002 0.2087257890625 0.207308984375 0.22877090781249998 0.216736790625 0.242161925 0.2187549984375 0.2112088875 0.2261284671875 0.2129488828125 0.2252610609375 0.24594111562499998 0.2462785421875 0.2527978 0.24546017031249998 0.22482920156250003 0.24491812500000001 0.214752990625 0.24573726406250002 0.1996304375 0.2446202 0.1669890515625 0.23605158125 0.16810348749999998 0.23270593125 0.173500678125 0.22121948281249998 0.18298026875 0.2157676875 0.186026596875 0.21109775156250002 0.1959830390625
0 0.20017111718749997 0.460866153125 0.20243583125 0.46543163749999994 0.20941091250000002 0.4681231078125 0.213852025 0.4654957515625 0.22128436875 0.47507462968749997 0.2335895703125 0.47201806093750004 0.2453892359375 0.479943765625 0.2559458640625 0.48704800312499996 0.2673436109375 0.4873556625 0.26468796562499997 0.479335121875 0.265112253125 0.473733565625 0.2652747421875 0.46297213125000003 0.26399872812499997 0.44966170156249996 0.26421655781250003 0.4381696296875 0.2664482984375 0.43024615 0.27022922656250004 0.42341039062499997 0.2650910375 0.4223164375 0.25853278749999997 0.4184299453125 0.257548009375 0.41419883593750007 0.25537553125 0.40841562187499997 0.2533616234375 0.404847028125 0.250226346875 0.40315868125 0.24979852500000002 0.40019071562499997 0.24525418281250003 0.399872815625 0.24455710625 0.3961515046875 0.22964768281249998 0.40343295 0.21816123593749998 0.412912540625 0.21125602500000001 0.42222294062500004 0.20643851093749999 0.43412775000000003 0.20690676562500002 0.4451781453125 0.20375304375 0.44373334375000006 0.200248825 0.4469159140625 0.200676646875 0.4498838796875 0.20017111718749997 0.460866153125
0 0.2463629390625 0.27753218125 0.2448989125 0.2580876890625 0.228823775 0.2721430046875 0.2463629390625 0.27753218125
0 0.364068378125 0.34770990468749996 0.3753369953125 0.3497223859375 0.374949984375 0.3332912734375 0.37255613906249996 0.33043061093750004 0.372423471875 0.3235659109375 0.37506850625 0.3058778890625 0.37106659375 0.2940906234375 0.36962455312500003 0.2829721078125 0.3675553015625 0.2801341515625 0.363527484375 0.27299696562500003 0.364508728125 0.268658553125 0.3631514671875 0.2607288421875 0.3591715359375 0.2572675515625 0.351119440625 0.2515627 0.352738115625 0.2861978671875 0.3545487203125 0.313991040625 0.356787915625 0.301661028125 0.3660720609375 0.30402435781250003 0.3588897578125 0.3385335234375 0.364068378125 0.34770990468749996
0 0.1244282546875 0.9481783703125 0.11440268125 0.94698735625 0.10664574062500001 0.9373857703124999 0.09123470624999999 0.9426734343750001 0.098545375 0.9495506 0.10648678593750001 0.9567167265625001 0.11011622031249998 0.9648053890625 0.109396775 0.9743036796875 0.11851496406249999 0.9749415453125 0.12336185 0.9708735546874999 0.12639035781250002 0.961047121875 0.123764153125 0.9569460234375 0.1244282546875 0.9481783703125
0 0.152892990625 0.9558008656249999 0.1456561125 0.947949515625 0.1364897203125 0.961263953125 0.1468767875 0.9619905828125 0.152892990625 0.9558008656249999
0 0.35406602343750004 0.49268784375 0.3438744234375 0.49368874218750003 0.3314844421875 0.49355650625 0.3149300578125 0.492398440625 0.29278375625 0.4918285359375 0.3216873078125 0.506581984375 0.34102646875 0.5140557703125 0.3621620875 0.5150446453125 0.3640802234375 0.5112614468750001 0.3523358984375 0.5026051046875 0.3520003109375 0.498419409375 0.3576291203125 0.49734415624999995 0.3712656796875 0.5068673796875001 0.3699343234375 0.4942875875 0.3665556984375 0.487195815625 0.35406602343750004 0.49268784375
0 0.243944809375 0.3956189984375 0.2436425796875 0.382376690625 0.23748271562499998 0.37753872187500004 0.232632225 0.3769545671875 0.2230344765625 0.37873151875 0.218877528125 0.373299153125 0.2176493984375 0.3636646203125 0.21019115156249998 0.3587358203125 0.204348428125 0.35832709218750003 0.20203190625 0.3630617671875 0.1929691265625 0.3577758859375 0.193478196875 0.355363134375 0.1902028 0.3512166203125 0.1880892 0.353272290625 0.1880448484375 0.358165915625 0.1924451484375 0.3690017046875 0.1956612828125 0.3868549109375 0.20001723125 0.40258432656250004 0.20537286875 0.4137317828125 0.2107544109375 0.420229159375 0.21684440624999998 0.4130652578125 0.2293230875 0.40341024374999995 0.243944809375 0.3956189984375
0 0.1191208015625 0.716681528125 0.1200651484375 0.7128302078125001 0.1080182109375 0.712477134375 0.10120915625 0.7075937484375 0.0844961984375 0.7042210625 0.072788384375 0.7166232046875 0.0757391875 0.7207470109375 0.087970596875 0.718664625 0.094407171875 0.7198494078125 0.1114042921875 0.715162371875 0.1191208015625 0.716681528125
0 0.70006466875 0.42238542343749996 0.7004520624999999 0.417270959375 0.690596434375 0.4009119765625 0.6860705390625 0.40035052968749996 0.682352409375 0.40204911875000005 0.6939711390625 0.420979803125 0.70006466875 0.42238542343749996
0 0.7211709359375 0.6219345625 0.7242139734374999 0.6248406390625 0.731244396875 0.6268014734375 0.737846996875 0.6257943421875 0.7418787328125 0.6199554734375 0.7408570578125 0.6162114546875 0.734763528125 0.6148058359374999 0.72569329375 0.6139264875 0.7211709359375 0.6219345625
0 0.8169882515625 0.485653034375 0.8008730671875 0.47008034375 0.78491645 0.456722275 0.7745662796875 0.45550855312499994 0.7653300203125 0.45682111875000003 0.7328111796875 0.46825709375 0.7486794812500001 0.46985683749999996 0.7573882249999999 0.47120056874999994 0.76876006875 0.47615830781249996 0.7827506609375 0.4896236796875 0.7944506375 0.503173646875 0.8061616031250001 0.520886603125 0.8283043703124999 0.5128869859375 0.8306762328125 0.5074216734375 0.8250992265624999 0.49919676874999996 0.8169882515625 0.485653034375