0 0.4966210703125 0.5358836453125 0.506098290625 0.529067025 0.5052273281249999 0.516273078125 0.5026070859375 0.5044945421875 0.5052708234375001 0.4979792609375 0.5015362624999999 0.4846553296875 0.503342971875 0.3801334046875 0.497012521875 0.37123929218749996 0.483696753125 0.35850795625 0.4642061328125 0.3302154984375 0.4548483703125 0.3220556234375 0.453370475 0.314729184375 0.439499384375 0.2945743234375 0.4238355203125 0.29372869218750003 0.4186754421875 0.2921933796875 0.39672538749999997 0.2961659046875 0.37769575 0.33848791093749997 0.3627228984375 0.3408948765625 0.3567921703125 0.3460912953125 0.3598519515625 0.366968196875 0.39358535625 0.42659934218749995 0.3997122703125 0.4417498421875 0.4137190515625 0.457733778125 0.412169634375 0.4657944546875 0.4177014078125 0.47851359374999997 0.42386814062499995 0.48867192968750006 0.4394442484375 0.4940991078125 0.4650411046875 0.50803205625 0.47206256875 0.5201787671875 0.47888417031249997 0.5252802140624999 0.488741203125 0.5350502078125 0.4966210703125 0.5358836453125
0 0.4686193 0.49601690468750004 0.467788921875 0.51023688125 0.4718029796875 0.5206217484375 0.47925954062500004 0.523162390625 0.4887891390625 0.535460828125 0.49712033906249997 0.5374937625 0.506569534375 0.5277704421875 0.5060820578125 0.5182614562500001 0.503577596875 0.5048080781250001 0.5058180265625001 0.5 0.5007774046875 0.48348819374999996 0.49029352968750006 0.481681790625 0.47877941562500004 0.4870501 0.4686193 0.49601690468750004
0 0.4117987921875 1 0.41385964218750004 0.992263584375 0.413863315625 0.97896193125 0.4122416125 0.9704036328125 0.40244430781249996 0.9531453921875 0.40838683124999997 0.9400501078125 0.41261177499999996 0.9175752828125001 0.4185660890625 0.8965811296874999 0.418341878125 0.8733275109375 0.414642696875 0.8363069781249999 0.40963745312500005 0.79609856875 0.397291428125 0.7516746765625 0.38993441562500003 0.736653625 0.36496439999999997 0.7147570859375 0.346824103125 0.7033647765625 0.333308475 0.683588175 0.29426383125 0.6477931609375001 0.2683314234375 0.630985871875 0.2613505453125 0.6458530828125 0.25431805625 0.673611328125 0.2439706375 0.6996400890625 0.2242898046875 0.73371733125 0.19655359687500001 0.776124225 0.1984592421875 0.800447896875 0.2023818671875 0.8287159609374999 0.184122115625 0.832300146875 0.16637051249999998 0.874903325 0.177050571875 0.8970566453125001 0.1944526859375 0.9367918234375001 0.208604040625 0.986013709375 0.21540510781250002 1 0.4117987921875 1
0 0.471385034375 0.746371578125 0.4707663078125 0.7597379531249999 0.4721483328125 0.7662431515625 0.477923459375 0.7677137390625 0.483458909375 0.767131228125 0.4840378171875 0.75875701875 0.49020822343750003 0.7556136999999999 0.4890857890625 0.7486655203125 0.48644563906249993 0.739383065625 0.47853774375 0.735642928125 0.471385034375 0.746371578125
0 0.55042859375 0.8074695703125 0.5419580265625 0.8229092124999999 0.5533047484375 0.8321067765624999 0.5587280921875 0.8198974546875 0.55042859375 0.8074695703125
0 0.497831565625 0.8849144765625001 0.48646049218750004 0.8595085546875 0.47143894062499997 0.8294988125 0.46516822031249994 0.813116453125 0.46411362812499996 0.8040828109374999 0.45440775625 0.7689413734375 0.4390388609375 0.74395615625 0.43468557499999994 0.7439986000000001 0.433978328125 0.7299404328125 0.4279716359375 0.7318195265624999 0.41768762343750004 0.7370583890625 0.42022010937500004 0.753418471875 0.41131811875 0.76516253125 0.40876281406250004 0.796606275 0.419439196875 0.8320612468749999 0.42271063125 0.852084546875 0.438064059375 0.8982702828125 0.4485885203125 0.9270906109375 0.4576992515625 0.9598006890624999 0.460531146875 0.9707256234375 0.46950542500000003 0.9756005375000001 0.48348785312500003 0.9753761187500001 0.4908684515625 0.9745994359375001 0.50836123125 0.964445328125 0.5077255078125 0.9350000453125 0.5035432906249999 0.9071749640625001 0.497831565625 0.8849144765625001
0 0.43459904375 1 0.4319674703125 0.9820447531250001 0.4343435890625 0.9730657515625 0.4379299 0.9664533859375 0.422173840625 0.9514848609375001 0.41828812187500003 0.9635323734375 0.41214574062500003 0.9695823921875 0.4137475359375 0.980636775 0.4147342796875 0.991755878125 0.41254813125 1 0.43459904375 1
0 0.4398229859375 0.966669834375 0.4311481171875 0.9563597749999999 0.4225971484375 0.94977765625 0.41873133749999997 0.9593290859374999 0.425273440625 0.967369596875 0.43403606562499997 0.9730981125 0.4398229859375 0.966669834375
0 0.5745233562500001 0.9711998234375001 0.5625542343750001 0.9886702875 0.550233328125 0.992460840625 0.542429421875 0.9949447250000001 0.5402504968749999 0.9997463296875001 0.7947697828125 0.97296251875 0.7817914984375001 0.9626896546875001 0.7584911234375 0.9497620328125 0.7382542062499999 0.9444096625 0.714882309375 0.94686915625 0.7073379937500001 0.9489100593750001 0.6959676875 0.9555102281250001 0.6785545453124999 0.9556800078125001 0.672136340625 0.9513674390625001 0.6687056296875 0.9513127984375 0.6476420078125 0.9468787515624999 0.631602775 0.94815094375 0.6165259359374999 0.944333884375 0.6065413296875 0.9441376 0.5931142203124999 0.95178554375 0.5846355375 0.9618223984375 0.5745233562500001 0.9711998234375001
0 0.670906240625 0.9514968859374999 0.6783428921875 0.956533609375 0.6940746015625 0.9552937796875 0.7072900578125 0.9484994390624999 0.7150939625 0.9460155531250001 0.737119978125 0.9453603484374999 0.7551761953125 0.94803255 0.7439054359374999 0.9421523078125 0.713859421875 0.9274405640625 0.681872384375 0.9121017484375 0.6524016015625 0.90231744375 0.629772328125 0.8951385046875 0.6221402578124999 0.901760953125 0.618206603125 0.9133978468749999 0.61019104375 0.916735334375 0.60949635625 0.9267843875 0.612040634375 0.9352456015625 0.620407978125 0.9455880234375 0.630276803125 0.94745915 0.6465756265625 0.9457439765625001 0.6594039203125 0.9489663281249999 0.670906240625 0.9514968859374999
0 0.6550665625 0.613150146875 0.6558851484375 0.6068290359375 0.651284065625 0.5994155953125 0.6445185171875 0.6001275546875 0.6431608453125001 0.609830709375 0.6474544015625 0.6172765124999999 0.6550665625 0.613150146875
0 0.6095759937499999 0.9168000578125 0.6189573421875 0.9091621984374999 0.6142920921874999 0.8905325671875 0.60050508125 0.879097815625 0.5863427 0.8697808859375 0.5735704593750001 0.8723719390625 0.56854239375 0.8799673546875001 0.5642613953125 0.8966287734374999 0.5655719015625 0.9185210859374999 0.5726494140625 0.936481203125 0.5807092328125 0.9468559875 0.5918841203125 0.951914990625 0.605782471875 0.9429704640625 0.61597873125 0.9423131453125 0.610359203125 0.9341755484375 0.6093046125 0.9251419078125 0.6095759937499999 0.9168000578125
0 0.2149965453125 1 0.20986216875000002 0.9887909640625001 0.20000069531250003 0.960316534375 0.19631299062500002 1 0.2149965453125 1