0 0.18935640781250002 0.206022759375 0.203803459375 0.29943167656249997 0.21132674062499998 0.2850128828125 0.22135102343750002 0.26762316249999996 0.222694928125 0.2542954171875 0.2322384203125 0.2457545390625 0.22322494375000002 0.19150075 0.218983228125 0.18031295625 0.215393190625 0.16796729999999999 0.1951519765625 0.0657081046875 0.18039793906249998 0.06920061250000001 0.1912491703125 0.17888640625000002 0.1898676109375 0.1889149015625 0.18935640781250002 0.206022759375
0 0.22135102343750002 0.26762316249999996 0.2164923875 0.27520374531249997 0.2101189609375 0.2884210921875 0.20188318125000002 0.320515778125 0.22710899218749997 0.31335499218749996 0.240313475 0.29788873437499996 0.25459104374999997 0.2344417359375 0.253331121875 0.211434171875 0.249519515625 0.2051625609375 0.24597437812499998 0.20767441562500003 0.2372462078125 0.211190146875 0.24024973749999998 0.2340451671875 0.238274425 0.2430247640625 0.22339439843750003 0.2536837984375 0.22135102343750002 0.26762316249999996
0 0.3590105578125 0.5357451546875 0.36174761875 0.5498167078125 0.3722744265625 0.55825293125 0.386223278125 0.5570325656249999 0.397530646875 0.5428331328125 0.39576241562500003 0.5226221578125 0.3857815703125 0.5146885890624999 0.3728290671875 0.5158217859375 0.36204014375 0.5244716265625 0.3590105578125 0.5357451546875
0 0.45626008125000006 0.6202585218750001 0.4585525421875 0.6062973656249999 0.45631365468749996 0.592182228125 0.44518295625000004 0.5854501046875 0.4363215546875 0.5845741062500001 0.42355007499999997 0.5906452796874999 0.417647303125 0.5977667906249999 0.41582549843749994 0.6056321078125 0.41701011250000003 0.6220411765625 0.42975842656249996 0.6357872828125 0.4482009734375 0.63142165 0.45626008125000006 0.6202585218750001
0 0.478018896875 0.41855108437500005 0.5073344328125 0.653218903125 0.51568463125 0.6712027578125 0.5251195140625 0.6786336687500001 0.5414433765625 0.6816089046875 0.556869365625 0.6714525265625 0.565955228125 0.6519432125 0.551957075 0.42309080468750004 0.5502641500000001 0.409478325 0.5416243187500001 0.40252828125000006 0.5254539625 0.39843876875 0.505346009375 0.395244171875 0.4873813625 0.40507222968749995 0.478018896875 0.41855108437500005
0 0.48574198749999997 0.26871059062499997 0.4741102234375 0.2763333234375 0.48588684375 0.4052029828125 0.4923732328125 0.4018833796875 0.5138627437500001 0.395049478125 0.5417879609375 0.39866099843749997 0.53194610625 0.2718237625 0.5216582484375001 0.2661187484375 0.50094640625 0.2646282578125 0.48574198749999997 0.26871059062499997
0 0.6178158171875 0.2549539328125 0.6104214171875 0.24789492812499997 0.5987621375 0.24946540781249998 0.5855982 0.25391964375 0.5880354921875 0.281778015625 0.5872940437499999 0.3478937203125 0.5881600765624999 0.42377641875 0.5894069703125 0.46384825625000004 0.592390225 0.492209284375 0.5966667015625 0.5210075953125 0.6090022890625 0.5386427765625 0.6207470125000001 0.5409177875 0.6361049390625 0.5357211765625001 0.6434167875 0.5246234249999999 0.643926528125 0.4673347671875 0.641594953125 0.4378158765625 0.6215738484375 0.2893018390625 0.6178158171875 0.2549539328125
0 0.6225745203125 0.220411334375 0.6088472390625 0.2155576546875 0.5910665109375 0.2160124203125 0.5803355125 0.22245549687500002 0.582409325 0.294929984375 0.5866423640625 0.349051584375 0.5881788625000001 0.28341674375000003 0.58569378125 0.2550121296875 0.5965203578125 0.24966153750000003 0.6113120484375 0.2494682796875 0.61811269375 0.25547838437500003 0.6205297125 0.2888427640625 0.62916086875 0.3387266125 0.6330724062499999 0.371960240625 0.6329579859375001 0.321881696875 0.6225745203125 0.220411334375
0 0.6587689015625 0.45337648281250004 0.6718546390625 0.45663502031250003 0.682920165625 0.45401563906250003 0.6855413453125 0.377827853125 0.685140184375 0.32447185625 0.6840786671875 0.31520752500000004 0.6854500906250001 0.30793203281250003 0.6840641796875 0.2920909984375 0.6884246421875 0.2845539984375 0.6869387984374999 0.2417509484375 0.681874515625 0.22403003593749998 0.6749232546874999 0.204822940625 0.6641400875000001 0.0901773765625 0.6627266609375 0.0682840890625 0.6588194734374999 0.06091999375 0.647811871875 0.0613326109375 0.64167015 0.0657229078125 0.6413776265625 0.0910679875 0.6444188359374999 0.2118951203125 0.6380729234375 0.23116472031250002 0.6379440437499999 0.25264251875 0.6497119859375 0.424445984375 0.652534490625 0.44236302656250004 0.6587689015625 0.45337648281250004
0 0.747371375 0.6140544109375 0.7514132265625 0.5713181734375 0.7522140609375 0.543176503125 0.7481996984375 0.4972921265625 0.7277890296875 0.3328498859375 0.7270924515625 0.31915023593749997 0.7258397750000001 0.307700934375 0.7231128515624999 0.29087637499999996 0.7131320046875 0.2829428078125 0.69195964375 0.28479515 0.6829823890625 0.2883326765625 0.6858048937500001 0.3062497203125 0.684672421875 0.3162564234375 0.686030815625 0.32604520625 0.684210496875 0.46876418906249995 0.6844784234375 0.51772845625 0.6879294421875 0.5543049140625 0.6955265984375 0.600976684375 0.7082647765625001 0.61747579375 0.722834896875 0.6233565828125001 0.7367359578125 0.6215899734375 0.747371375 0.6140544109375
0 0.4783157734375 0.419075534375 0.4856855484375 0.40577101875 0.47351646875000003 0.275284421875 0.48095141406249997 0.27133140624999996 0.47743668437500003 0.2655842453125 0.4568276671875 0.27674450156249997 0.435051415625 0.2803009484375 0.4243783453125 0.2845372625 0.4429020375 0.44749332500000005 0.461067978125 0.43709723125 0.478821190625 0.4305902125 0.4783157734375 0.419075534375
0 0.376478353125 0.0927771484375 0.3732025734375 0.0897611984375 0.37234235312499997 0.07992883437500001 0.36841489374999997 0.0780707484375 0.36641495625 0.066686821875 0.377395040625 0.060221953125000005 0.38587412187500003 0.0567280109375 0.3848024671875 0.050216685937500005 0.3774833765625 0.049756175 0.3766332921875 0.037170804687499996 0.3700571078125 0.010775384374999999 0.3647749578125 0.0018803125 0.31802624375 0.0059702953125 0.32810194843749996 0.0304082734375 0.33326181250000003 0.049221671875 0.3307984625 0.055491846874999994 0.333819371875 0.08715212343749999 0.3422419875 0.1260457421875 0.348094075 0.13268925781250002 0.3676922859375 0.1931725109375 0.38917747343750003 0.2551419453125 0.3919072890625 0.2576552359375 0.38801602343749997 0.218915596875 0.38873576718749997 0.2127979671875 0.42747018125 0.2022536375 0.414440909375 0.15660754062499999 0.4097314296875 0.137204315625 0.4000300796875 0.12098994062499999 0.3891006796875 0.1136897828125 0.3777788203125 0.1047726921875 0.376478353125 0.0927771484375
0 0.742418509375 0.28203184375 0.7359726671875 0.274339425 0.7257876328124999 0.2812851609375 0.7336802062500001 0.2883005828125 0.7285348296875 0.292603709375 0.7267405421875 0.30652128125 0.7336367671875 0.3136238703125 0.7318728890624999 0.3192824265625 0.7392397703125 0.320289178125 0.7384621015625 0.3286135703125 0.741604646875 0.3272377859375 0.745944834375 0.3252067984375 0.7506948625 0.333598003125 0.761108709375 0.3321364859375 0.769751434375 0.3247752609375 0.765180971875 0.2811412328125 0.759540315625 0.2711766765625 0.7498737265625001 0.27257281718750004 0.742418509375 0.28203184375
0 0.7851687468749999 0.3575526890625 0.7793745828125 0.348702409375 0.771710825 0.3471712078125 0.7587279125 0.35656341875 0.7463691609375 0.3587455171875 0.7324376921875 0.368771140625 0.7356801703125 0.3943573734375 0.7526455765625 0.398927753125 0.7623396812500001 0.4035838640625 0.7665263640625 0.402667153125 0.7870296640625 0.393167415625 0.787950703125 0.3864817515625 0.793526190625 0.3870948078125 0.7972378640625 0.3664044015625 0.7943371609375001 0.35620013125 0.7851687468749999 0.3575526890625