0 0.5257693640625 0.3983231984375 0.530499065625 0.397409734375 0.532344734375 0.38473869375 0.53049029375 0.37616877656250003 0.5294987234375 0.3654618765625 0.5302328968750001 0.3504810140625 0.5333553203125 0.3419042765625 0.5377544984375 0.337421846875 0.539684990625 0.3309532859375 0.5398458640625 0.32211728906250003 0.5377033140624999 0.313079646875 0.535357478125 0.3097767578125 0.5340807203125 0.30568245312500003 0.5347768687500001 0.298220828125 0.531731959375 0.29529924687500003 0.5288947234375 0.2972633890625 0.5260984343749999 0.2987886125 0.5251975390625 0.3084448328125 0.522073653125 0.313481409375 0.5177578359375 0.3206261625 0.5162807171875 0.3293469296875 0.515299384375 0.3434211484375 0.5146485734375 0.3610643359375 0.5151034078125 0.3668567046875 0.51551729375 0.3730879921875 0.5138325 0.3769230375 0.5125615921875 0.38698937187500004 0.5136745484375 0.39283935312499996 0.515527528125 0.3978691109375 0.5172971421875 0.400236546875 0.520299640625 0.4000568875 0.52223013125 0.393588328125 0.5250278796875001 0.3956032625 0.5257693640625 0.3983231984375
0 0.3695985109375 0.6072311734375 0.36573021875 0.6024674937500001 0.36338438125 0.5991646078125 0.3639167296875 0.5934586578125 0.36683586562500003 0.590616678125 0.36568341875 0.588745775 0.3639138046875 0.5863783390624999 0.3623504 0.5853564687499999 0.3612389078125 0.5830466453125001 0.360785534375 0.5807944359375 0.3582349453125 0.5796861437499999 0.35654869375 0.5799810296875 0.3551095984375 0.5811825609375 0.3552339109375 0.5834059640625 0.35531727343749997 0.586068284375 0.3550715734375 0.5887017984375 0.3533458328125 0.592975765625 0.3522372625 0.597746259375 0.35285735625000003 0.6053231125 0.353559353125 0.6120221265625 0.3549999078125 0.61436075625 0.35570190468749996 0.6210597703125 0.357022534375 0.6317954765625 0.3584236015625 0.6381131843750001 0.3607284875 0.6418549890625 0.364307209375 0.642610784375 0.368008778125 0.6420498171875 0.3723670078125 0.6380063078125 0.3738046390625 0.6332646171875 0.37351360312500004 0.625716571875 0.3721096109375 0.61231854375 0.3695985109375 0.6072311734375
0 0.3047823046875 0.5232338234375 0.3027275015625 0.5274789796875 0.30490954062500003 0.53253754375 0.307338740625 0.5385027531250001 0.3098483765625 0.5400499640625 0.3119470546875 0.54244620625 0.3143733296875 0.5413310953125 0.31441281875 0.537352015625 0.3144113546875 0.5338118578125 0.3127236390625 0.5305665828125 0.3105416 0.5255080203125 0.3079076515625 0.5217374046875001 0.30655045625 0.5220611 0.3047823046875 0.5232338234375
0 0.42989419843750004 0.3023142984375 0.42837174375 0.30085350625 0.41340020468749994 0.3013128828125 0.40965768750000003 0.3023127671875 0.40702665937500004 0.30562247343750004 0.40525850781250006 0.3067951984375 0.402298421875 0.310076096875 0.403409915625 0.31238591875 0.40653672500000004 0.3144296625 0.4080182296875 0.316329371875 0.40949973437500004 0.3182290828125 0.4150528203125 0.319157715625 0.4191244 0.3181866375 0.4260756265625 0.318352659375 0.430969128125 0.31568351875 0.43273582031249996 0.3109706359375 0.43051283281249997 0.30635099062500004 0.42989419843750004 0.3023142984375
0 0.49921050312500004 0.3274100640625 0.4991666296875 0.3207686640625 0.4989999046875 0.3154440203125 0.49340587031250005 0.31495430625 0.490526221875 0.3138172078125 0.48851090781249995 0.3140832890625 0.47901201562500006 0.3198892921875 0.48070411875 0.3337550484375 0.48400496249999997 0.35882423281250003 0.4822777578125 0.3595580375 0.47779521718750007 0.36137814687500003 0.4721192828125 0.361766271875 0.4717507328125 0.36571654374999996 0.4752914296875 0.37399157656250004 0.4799421546875 0.38103626875 0.48722098125 0.3776909390625 0.49408299843750003 0.361033996875 0.49798639375000003 0.3511981171875 0.499052553125 0.3433263796875 0.4986796171875 0.3366561734375 0.499048165625 0.3327059015625 0.49921050312500004 0.3274100640625
0 0.5174773359375 0 0.5158215312500001 0.0142439015625 0.517591146875 0.0166113375 0.5251975734375 0.009754653125 0.52901906875 0.0007966109375 0.52913370625 0 0.5174773359375 0
0 0.47826175 0.39549179375 0.476205484375 0.39619679375 0.474972603125 0.3987438875 0.476125046875 0.400614790625 0.4776899125 0.4051768203125 0.4783509578125 0.41231475624999997 0.48123060625 0.41345185312500005 0.48172346718750003 0.4117249828125 0.482134428125 0.41087595156249995 0.48312014843749995 0.40742221250000005 0.48254392656249995 0.40648676093749997 0.4850521 0.4044938109375 0.48468062968750003 0.40136376250000005 0.4839391453125 0.3986438296875 0.4813870953125 0.39399537812499996 0.47826175 0.39549179375
0 0.44451910781250004 0.458470984375 0.4432452765625 0.4614569984375 0.4434134625 0.4703218015625 0.4446068546875 0.47175378593749995 0.44674502031249996 0.47017095 0.450854625 0.46168063281249994 0.44933217187499996 0.46021984375 0.4471925453125 0.45826251874999996 0.44451910781250004 0.458470984375
0 0.1418532546875 0.9005866890625001 0.1425508640625 0.896665221875 0.1406978859375 0.8916354656250001 0.13925879375 0.8928369953124999 0.136715515625 0.909429503125 0.14346345625 0.9153302796875 0.1418985890625 0.9107682484374999 0.1395527515625 0.9074653609375 0.1398394 0.9043929265624999 0.1418532546875 0.9005866890625001
0 0.2733284921875 0.35188627499999997 0.2720093234375 0.344690728125 0.269869696875 0.3427334046875 0.26958304843750003 0.3458058390625 0.269708821875 0.3515694 0.2702440921875 0.35294377187500003 0.2733284921875 0.35188627499999997
0 0.4480495453125 0.641091684375 0.44307853125 0.6552591421875 0.4427918828125 0.6583315765625 0.44378052500000004 0.66195815625 0.4455501421875 0.6643255906250001 0.4474835578125 0.6649373515625 0.45044510625 0.6651966125000001 0.453775203125 0.6615056 0.4566943390625 0.65866361875 0.4599834859375 0.6554115265625 0.46351833124999997 0.6495259171875001 0.46306203281249997 0.6401933890625 0.461662428125 0.6374158421875 0.45820655937500004 0.6353432906250001 0.4545868890625 0.6350264171875 0.450269609375 0.638631009375 0.4480495453125 0.641091684375
0 0.4501467828125 0.4408209796875 0.44587045468750003 0.44398665312499996 0.44624338906250005 0.450656859375 0.4438990140625 0.45089413125 0.443325715625 0.457039 0.44517723125 0.4585285984375 0.446863484375 0.4582337109375 0.4503193546875 0.46030626249999995 0.4536099625 0.4605943296875 0.45307322968749997 0.45567979843749995 0.452166484375 0.45117538125 0.450603078125 0.45015350937500004 0.45027255781250003 0.4465845421875 0.45039394374999997 0.44172762499999996 0.4501467828125 0.4408209796875
0 0.26346687812499997 0.5749299796875 0.2563109 0.5769585546875 0.25483085625 0.5785990046875 0.25520233124999997 0.5817290515625 0.256601934375 0.5845066 0.264005075 0.5833846703125001 0.2662251390625 0.58092399375 0.2665936875 0.5769737234375001 0.26346687812499997 0.5749299796875