0 0.631718740625 0.5209316625 0.6322967203125 0.537654671875 0.6304623171875 0.53923751875 0.6289523265625 0.54085074375 0.6270176375000001 0.5459334390625 0.6266519171875 0.5516017078125001 0.62672266875 0.559065465625 0.6278728296875 0.565752990625 0.63976396875 0.5651118578125 0.6421941062500001 0.56402345 0.6427073109375 0.55178916875 0.6418225875 0.542933225 0.6393275859374999 0.539190353125 0.636838471875 0.5380799609375 0.637139328125 0.527580415625 0.6373753234375 0.5122495890625001 0.6375641171875001 0.4999849296875 0.6370510015625 0.4880931984375 0.6364376015625 0.479701315625 0.6340015765625 0.478157240625 0.6327629078125 0.4802345265625 0.631695278125 0.4862757234375 0.63091075 0.49804594375000005 0.6312056265625 0.50903993125 0.631718740625 0.5209316625
0 0.7309652843750001 0.4231932984375 0.7218344890624999 0.44953489687500003 0.7236275812499999 0.4536506953125 0.7338377828125 0.4265328609375 0.7309652843750001 0.4231932984375
0 0.986290425 0.551531059375 0.9760131 0.5470302078125 0.972025771875 0.552798003125 0.985357196875 0.559154859375 0.986290425 0.551531059375
0 0.8981079218750001 0.3739235953125 0.884966425 0.3472510390625 0.8793511546874999 0.35023446406250003 0.8923864765625 0.3777743890625 0.8981079218750001 0.3739235953125
0 0.573872953125 0.6155283140625001 0.5736488265624999 0.6119980859374999 0.549099775 0.6088220046874999 0.54847450625 0.6192911718749999 0.5683756328125 0.622909334375 0.573872953125 0.6155283140625001
0 0.2329702796875 0.55904151875 0.2313070046875 0.5404622625 0.23182609843750002 0.5308604609375001 0.2240402359375 0.5301313921874999 0.22637588593750002 0.5593013296875 0.2329702796875 0.55904151875
0 0.343271253125 0.23160578593749998 0.3470462328125 0.2275727234375 0.333999134375 0.1947678390625 0.330648853125 0.1953314265625 0.329362984375 0.200474878125 0.343271253125 0.23160578593749998
0 0.87597804375 0.14726001718749998 0.8727103796875 0.13642631562500002 0.86730745625 0.1376750046875 0.8706930703125 0.152906303125 0.8792457046875001 0.15809372187499998 0.888211259375 0.15454670625 0.8885297828125 0.1519446015625 0.8846368515625 0.15158006875000002 0.87597804375 0.14726001718749998
0 0.8565604984374999 0.166497196875 0.8556757734374999 0.157641253125 0.826608521875 0.1645698046875 0.8216538484375 0.1728789484375 0.8312800015624999 0.1746576515625 0.8565604984374999 0.166497196875
0 0.86559689375 0.1462879265625 0.8695606687499999 0.12999020781249998 0.8745035640625 0.1164161015625 0.8603356578125 0.114212109375 0.8591086765625 0.1456803703125 0.86559689375 0.1462879265625
0 0.596618859375 0.15092936875000001 0.599320503125 0.102052996875 0.5933749328125 0.1023735625 0.5888329984375 0.1502003015625 0.596618859375 0.15092936875000001
0 0.4636218078125 0.24024347812500002 0.4881237546875 0.2223597109375 0.4855166875 0.21685172656249999 0.46263090937499995 0.2322549015625 0.4636218078125 0.24024347812500002
0 0.25208216562499997 0.2581592359375 0.25268388124999996 0.23716014375 0.245546840625 0.23649183125 0.24548777500000002 0.258419046875 0.25208216562499997 0.2581592359375
0 0.0793662046875 0.1358316203125 0.08250413749999999 0.137002765625 0.0871993546875 0.1093685078125 0.0859017109375 0.10924699687499999 0.0793662046875 0.1358316203125
0 0.1592658640625 0.08892020625 0.1615308515625 0.08650037031249999 0.159431103125 0.0661256234375 0.155325825 0.067495825 0.15525498124999998 0.0841580796875 0.1592658640625 0.08892020625
0 0.0811354703125 0.2017955375 0.0729131359375 0.199270978125 0.072500215625 0.20800541093749997 0.0808287265625 0.209662603125 0.0811354703125 0.2017955375
0 0.27310779687500003 0 0.271311825 0.009926579687500001 0.276820921875 0.0078105203124999995 0.2783176765625 0 0.27310779687500003 0
0 0.7882428765625 0.8479109062499999 0.770370834375 0.8330777203125 0.7645549921875 0.84306084375 0.784585846875 0.8563415609374999 0.7882428765625 0.8479109062499999