0 0.5223545421875 0.3706586234375 0.5215335703124999 0.3668239796875 0.52309444375 0.36119044843750003 0.52460976875 0.35596701406250003 0.5273549203125001 0.3396709578125 0.5291202234375 0.32658379375 0.5294157484375 0.3183099671875 0.526805065625 0.310942946875 0.524889825 0.3057342390625 0.52589190625 0.296712103125 0.523612271875 0.29478417343749996 0.5213781859375 0.29244614687500003 0.518027603125 0.29454730156250003 0.5172532671875001 0.30151895156249997 0.5153046812500001 0.30503011406249997 0.5125240062499999 0.30761325156249997 0.5088434640624999 0.315491709375 0.5073170234375 0.323621765625 0.5078647015625 0.3299169921875 0.51105640625 0.3348593734375 0.5122995265625 0.34331291406250003 0.5101353984375 0.3571843296875 0.5071958453125001 0.3668110046875 0.5038685796875 0.3743153078125 0.5031631140624999 0.3862800078125 0.5073346703125 0.38801349687500003 0.5085311515625001 0.38566074375000003 0.5114829078125 0.38434383906249997 0.5120305875 0.390639065625 0.514754596875 0.391372646875 0.516828715625 0.3895378171875 0.519483859375 0.38527834843750003 0.5216146421875 0.3801268 0.5223545421875 0.3706586234375
0 0.62135276875 0.624409846875 0.623266921875 0.6184021609375 0.6250333109375 0.6165313875 0.6269474640625 0.6105237046875 0.628952715625 0.603695825 0.6288382984374999 0.5991128703124999 0.6280628734375 0.594868128125 0.62833616875 0.5924075453125 0.62891719375 0.58998290625 0.6294526671875 0.5879683625000001 0.6283583984375001 0.5865943015624999 0.626865303125 0.5860044906249999 0.6243123749999999 0.58653714375 0.6234691703124999 0.58851574375 0.622010509375 0.590422459375 0.620380765625 0.5910629390625 0.61830665 0.59289776875 0.6168935359375001 0.5943943859374999 0.6190365250000001 0.5975526062500001 0.6184443859375001 0.6028838703125 0.6156637093749999 0.6054670078125 0.61120774375 0.6091007234375 0.6079371421875 0.6132883078125 0.6041088375 0.6253036796875 0.6024113171875001 0.6321675015625 0.6028334625 0.6367863984375 0.6060707171875 0.64131868125 0.6093646359375 0.6425342453125 0.612795203125 0.6425195171875 0.6156214265625 0.6395262828125 0.6181054875 0.6340005796875 0.62135276875 0.624409846875
0 0.6840752 0.5424211125 0.6809412453125 0.5453784078125 0.677978375 0.5496019328124999 0.67581315625 0.55225695625 0.6751410359375 0.5555017906249999 0.6744233656249999 0.559156721875 0.67644081875 0.5606386125 0.6788226671875 0.5588397265625 0.6814211453125 0.5578969734375 0.68478284375 0.552889196875 0.6877457171875 0.5486656703125 0.6866625625 0.5443849859375 0.6852605671875 0.54297498125 0.6840752 0.5424211125
0 0.6293143015625 0.33662477812499997 0.6310351421875 0.335164103125 0.6327559828125 0.333703428125 0.6360154671875 0.33242246875000003 0.6374741296875001 0.3305157515625 0.635376690625 0.32694743437499996 0.63397469375 0.3255374296875 0.632184984375 0.322005053125 0.628936615625 0.32037939375 0.6152710124999999 0.31712158281249997 0.6135957203125 0.3181721625 0.6122625937499999 0.32175520625 0.6093452687500001 0.3255686375 0.6100751437499999 0.33022347500000004 0.6140645046875 0.333597353125 0.6204812625 0.334762246875 0.6240373609375001 0.33642384999999997 0.6293143015625 0.33662477812499997
0 0.54646636875 0.3219631453125 0.545167671875 0.3280427171875 0.5443133546875 0.3329279390625 0.5439034125 0.3366188125 0.5422969890625 0.342662440625 0.5417848328125 0.35008013125000004 0.5435067625000001 0.35983584999999996 0.546654009375 0.3764047171875 0.552706371875 0.3808503890625 0.5583132703125 0.37527401562499996 0.56313363125 0.368359521875 0.563543571875 0.3646686484375 0.55840328125 0.36323742812500004 0.5546305515625 0.3607196890625 0.5531830046875 0.35971978125000004 0.560965146875 0.33736536875 0.56514673125 0.32497584375 0.5575212875 0.317853934375 0.5557204640625 0.3172281828125 0.5528598062500001 0.317724890625 0.547628415625 0.317113865625 0.54646636875 0.3219631453125
0 0.5800472015625 0.0168149609375 0.57967169375 0.0230023625 0.5814847203125 0.0319378859375 0.5871726921875 0.0396643328125 0.5892468109375 0.037829503125000004 0.5904422031250001 0.02426035625 0.58601958125 0.01917420625 0.583443334375 0.0143037109375 0.5800472015625 0.0168149609375
0 0.5502011671875 0.4034057296875 0.552503034375 0.3995204140625 0.55391614375 0.3980237984375 0.553266253125 0.39545538593749996 0.5515109796875 0.394419534375 0.5489236156249999 0.3924556625 0.5456985640625 0.39623315 0.5445020828125 0.398585903125 0.5435677812499999 0.4013846984375 0.5454941375 0.40368678124999996 0.54478758125 0.404435090625 0.5450386468749999 0.40778775468750006 0.5452552749999999 0.40864389218749997 0.545380809375 0.410320221875 0.54824146875 0.40982351250000004 0.5502011671875 0.4034057296875
0 0.5681570984375 0.45784554999999993 0.5658208015625 0.459234340625 0.5641455078125001 0.46028491718750003 0.5663118140625001 0.4688462875 0.567975990625 0.4707023296875 0.5693435546875001 0.46961581093750004 0.571177725 0.46152169687500005 0.57057338125 0.4585431890625 0.5681570984375 0.45784554999999993
0 0.767871128125 0.9302381437499999 0.7686788078125 0.9145466265625 0.7675845390625 0.9131725640624999 0.7649293968750001 0.9174320343750001 0.7648271828125 0.92115885 0.7659558843750001 0.9250294374999999 0.7656370406249999 0.92790011875 0.7628563671874999 0.93048325625 0.7605545015625 0.9343685703125001 0.767871128125 0.9302381437499999
0 0.750597171875 0.3869319 0.7480220125 0.393277796875 0.7506549265625 0.39483157343749997 0.7514070312500001 0.3936731671875 0.7526146265625 0.3884137890625 0.7529334703125 0.3855431109375 0.750597171875 0.3869319
0 0.52360046875 0.6429024328125 0.5259600859375 0.646916790625 0.528729646875 0.6472402749999999 0.53062156875 0.647045834375 0.5326956890625001 0.64521100625 0.5342909953125 0.6420739984375 0.534609840625 0.63920331875 0.5327279453125 0.6252747453125 0.5311548671875 0.6225985078125 0.5278720609375 0.618476321875 0.5244870453125 0.6180809515625 0.52091983125 0.619325971875 0.519107890625 0.6216068390625 0.51692044375 0.6300751078125 0.519052315625 0.6361399515625 0.5214574828125 0.6397442109375 0.52360046875 0.6429024328125
0 0.5720765015625 0.44500998437500006 0.5687481515624999 0.44129789375 0.568349321875 0.44208214687499997 0.5675405546875 0.446557271875 0.5665607015624999 0.44976616406250003 0.564930959375 0.45040664374999995 0.563244553125 0.45436384375000005 0.5618203265624999 0.4587670859375 0.5648976140624999 0.45912651093749995 0.568464828125 0.45788149218749996 0.5699579234375001 0.45847130312499995 0.57194094375 0.4574566671875 0.5725786312500001 0.4517153078125 0.5704700796875 0.4510536125 0.5720765015625 0.44500998437500006
0 0.711559609375 0.6008817796875 0.7111496671875 0.60457265625 0.712722746875 0.60724889375 0.719310584375 0.6096800203125 0.721122521875 0.60739915 0.7220568265625 0.60460035625 0.7210081046875 0.6028161984375 0.7148190953125 0.59960081875 0.711559609375 0.6008817796875