0 0.32763083437499996 0.4832723953125 0.324837471875 0.491793778125 0.32270369374999996 0.503930903125 0.3248842703125 0.505512215625 0.3365666625 0.5086437734375 0.339155275 0.5023102875000001 0.3408386046875 0.49498653593749997 0.3417000140625 0.4893363703125 0.34087516875 0.48393194531250006 0.339722725 0.48202815625 0.33824121875 0.4800859984375 0.3424298 0.46376491875000003 0.3455098125 0.45218047656250004 0.3481788625 0.44143282656249994 0.3499426296875 0.42969491406250004 0.35018686718750003 0.4235304328125 0.349404434375 0.42122743125 0.346649096875 0.42223322812499997 0.3442257453125 0.4303554 0.341145734375 0.441939840625 0.3386828953125 0.4540385984375 0.3356043453125 0.4691620453125 0.33363436874999997 0.47954885156250004 0.33091998125 0.4801170671875 0.32763083437499996 0.4832723953125
0 0.2613141140625 0.3494690671875 0.26560360312500003 0.37827988125 0.268275578125 0.374610240625 0.264891371875 0.3467896890625 0.2613141140625 0.3494690671875
0 0.11423853749999999 0.268179034375 0.133148571875 0.24384264687499999 0.128211196875 0.239728125 0.1093830625 0.26318935312499997 0.11423853749999999 0.268179034375
0 0.40392614531250004 0.5779849703125 0.40556706406250004 0.567559796875 0.3804765390625 0.56551900625 0.37949081875 0.5689429078125 0.38336057343749996 0.5773564875 0.40392614531250004 0.5779849703125
0 0.7457136359375001 0.5585611359375 0.7378161734375001 0.557640309375 0.7362571578125 0.567190325 0.7305885328125 0.5851082546875 0.73708785 0.58675076875 0.7457136359375001 0.5585611359375
0 0.7120880421875 0.20695005625000001 0.7088793328125 0.20569121875000002 0.688819778125 0.2352018265625 0.6917008874999999 0.2399612984375 0.712254765625 0.21227774687499998 0.7120880421875 0.20695005625000001
0 0.184400190625 0.051643778125 0.19105745937500002 0.037379957812499996 0.185956284375 0.03501575625 0.1803666359375 0.044980515625 0.1708253328125 0.047406856250000004 0.166876603125 0.04694644375 0.166630903125 0.049571921875 0.17477698749999998 0.054945278125 0.184400190625 0.051643778125
0 0.2288336421875 0.0815964515625 0.2257039078125 0.0723844484375 0.1983055703125 0.059458071875 0.1955122078125 0.0679794578125 0.218879915625 0.0813205796875 0.2288336421875 0.0815964515625
0 0.20305867812499998 0.015776853125 0.1884980984375 0.0149638328125 0.1904783125 0.0293500546875 0.19089658437499998 0.0462082828125 0.1974778015625 0.046975639062500005 0.20305867812499998 0.015776853125
0 0.465181246875 0.1082693296875 0.47100197499999996 0.06028905 0.465160778125 0.0587232703125 0.4572837859375 0.107348503125 0.465181246875 0.1082693296875
0 0.572905528125 0.2154935328125 0.5534836265624999 0.195534815625 0.5497016203125 0.2004020921875 0.5701940671875 0.22313975937500002 0.572905528125 0.2154935328125
0 0.78311253125 0.28689273125 0.7877925109375 0.2653206953125 0.7805531718750001 0.2644766046875 0.7766132156250001 0.2852502171875 0.78311253125 0.28689273125
0 0.9739941765625 0.1737887 0.9726779328124999 0.173635228125 0.9713733875000001 0.20179379218750002 0.9747458968749999 0.20130230937500002 0.9739941765625 0.1737887
0 0.9140027281249999 0.118134871875 0.910217796875 0.1159241421875 0.903727253125 0.135515653125 0.9054559203125001 0.1383713359375 0.9104722687500001 0.1345326890625 0.9140027281249999 0.118134871875
0 0.9573363734375 0.2735879078125 0.96597385625 0.273710309375 0.967450975 0.2650354546875 0.9587315921874999 0.2657882109375 0.9573363734375 0.2735879078125
0 0.11797953750000001 0.7613978218749999 0.1407622515625 0.7525530234375 0.137138196875 0.741513965625 0.11616604999999999 0.7523392890625 0.11797953750000001 0.7613978218749999